683
687
692
704
707
728
731
753
757
778
782
806
809
836
839
888
891
892
972
975
976
1082
1081
1086
1087
1237
1236
1240
1241
1418
1417
1421
1422
1647
1648
1652
1651
1928
1929
1933
1932
2266
2267
2271
2270
2659
2660
2664
2663
3066
3067
3071
3070
3461
3462
3466
3465
3846
3847
3851
3850
4227
4228
4232
4231
4612
4613
4617
4618
4616
5020
5019
5021
5025
5026
5024
5474
5473
5475
5476
5481
5482
5480
5479
5896
5894
5895
5897
5902
5904
5903
5900
5901
6266
6264
6265
6268
6267
6272
6275
6273
6274
6271
6595
6590
6593
6594
6591
6592
6596
6600
6601
6602
6606
6604
6603
6605
6599
6905
6904
6903
6899
6901
6902
6900
6906
6911
6912
6913
6917
6915
6914
6916
6909
6910
7189
7188
7187
7185
7186
7183
7184
7193
7190
7191
7192
7199
7200
7201
7202
7203
7196
7198
7197
7477
7478
7479
7476
7474
7475
7473
7480
7481
7482
7487
7488
7490
7489
7491
7486
7485
7731
7732
7727
7728
7729
7730
7733
7734
7735
7740
7742
7741
7739
7738
7991
7990
7992
7993
7994
7995
8002
8003
8000
8001
7999
7998
8224
8223
8226
8225
8227
8228
8236
8233
8234
8235
8232
8231
8464
8466
8465
8467
8468
8474
8475
8476
8473
8472
8688
8687
8689
8690
8695
8696
8694
8892
8893
8897
8896
9129
9130
9135
9134
9363
9368
9576
9577
9583
9582
9788
9789
9795
9793
9794
9945
9947
9946
9958
9951
9952
9953
9954
9955
9956
9957
10079
10080
10086
10084
10085
10083
10081
10082
10096
10095
10090
10092
10091
10093
10094
10206
10207
10208
10215
10216
10214
10213
10315
10314
10316
10317
10325
10326
10327
10324
10323
10410
10409
10408
10411
10412
10420
10421
10422
10418
10419
10417
10495
10494
10496
10497
10506
10507
10505
10502
10503
10504
10570
10569
10571
10574
10573
10572
10580
10581
10579
10577
10578
10633
10632
10634
10636
10635
10647
10648
10643
10644
10645
10646
10691
10690
10695
10693
10694
10692
10706
10707
10705
10704
10746
10745
10747
10748
10749
10761
10762
10760
10759
10758
10795
10794
10796
10813
10814
10812
10842
10841
10843
10855
10856
10854
10880
10879
10881
10894
10895
10893
10912
10911
10913
10922
10923
10921
10931
10930
10932
10942
10943
10941
10949
10947
10948
10950
10958
10960
10959
10957
10965
10966
10963
10964
10973
10972
10974
10978
10979
10977
10983
10982
10984
10988
10987
10991
10994
10997
10998
11001
11002
11007
11008
11013
11014
11022
11023
11034
11035
11044
11045
11054
