674
685
686
693
694
695
696
697
701
702
703
700
699
698
710
711
712
713
714
709
708
715
716
717
718
724
723
722
725
726
727
721
720
719
735
736
737
738
733
734
732
739
740
741
742
751
749
750
748
747
752
745
746
744
743
759
761
762
760
763
758
765
764
766
767
776
777
774
773
775
772
769
770
771
768
785
783
784
787
788
789
790
786
791
792
793
803
805
804
799
800
801
798
797
802
796
795
794
810
811
814
815
813
816
817
818
812
819
820
821
822
823
835
833
834
832
826
827
828
829
830
831
825
824
840
842
841
843
851
852
853
854
855
856
846
847
848
849
850
845
844
857
858
887
884
885
886
883
868
869
867
866
864
865
861
862
863
879
877
878
873
874
875
876
872
870
871
880
881
882
860
859
893
896
894
895
897
923
924
927
925
926
900
903
904
905
906
907
908
909
901
902
914
915
916
917
918
913
910
911
912
919
920
921
922
899
898
928
929
971
968
970
969
967
936
937
938
934
935
932
933
964
959
960
961
962
963
958
950
951
952
953
954
955
956
957
947
945
946
944
943
948
949
942
940
941
939
965
966
931
930
977
978
981
979
980
1015
1014
1016
1017
984
988
986
987
985
989
1000
1001
998
999
996
997
994
995
991
992
993
990
1003
1007
1004
1005
1006
1008
1009
1002
1010
1011
1012
1013
983
982
1018
1019
1080
1079
1076
1078
1077
1026
1027
1028
1025
1024
1074
1067
1064
1065
1066
1068
1069
1070
1071
1072
1073
1062
1063
1046
1045
1048
1047
1057
1049
1050
1051
1052
1053
1054
1055
1056
1061
1059
1060
1058
1040
1036
1039
1038
1037
1035
1034
1041
1042
1043
1044
1031
1032
1033
1030
1029
1075
1022
1023
1020
1021
1088
1089
1090
1093
1091
1092
1148
1149
1150
1151
1152
1153
1095
1111
1113
1114
1112
1110
1101
1102
1103
1104
1105
1106
1107
1108
1109
1099
1100
1098
1097
1096
1115
1127
1128
1129
1130
1126
1123
1124
1125
1122
1120
1121
1119
1117
1116
1118
1135
1136
1137
1138
1139
1140
1141
1142
1143
1134
1132
1133
1131
1145
1144
1146
1147
1094
1155
1154
1156
1235
1234
1231
1233
1232
1162
1161
1160
1159
1229
1204
1205
1201
1202
1203
1206
1221
1222
1223
1220
1219
1216
1217
1218
1215
1212
1213
1214
1208
1209
1210
1211
1207
1225
1224
1226
1227
1228
1186
1187
1182
1183
1184
1185
1181
1180
1188
1189
1190
1191
1192
1193
1195
1196
1197
1198
1194
1199
1200
1174
1173
1172
1171
1170
1169
1168
1178
1175
1176
1177
1179
1165
1166
1167
1164
1163
1230
1158
1157
1242
1245
1243
1244
1322
1323
1247
1267
1266
1269
1268
1254
1253
1257
1255
1256
1258
1263
1262
1260
1261
1259
1264
1265
1251
1252
1250
1249
1248
1283
1284
1285
1287
1288
1289
1290
1286
1291
1292
1293
1282
1281
1280
1278
1279
1275
1276
1277
1274
1272
1271
1270
1273
1299
1300
1301
1302
1303
1304
1305
1306
1307
1308
1309
1310
1311
1295
1297
1298
1296
1294
1313
1314
1315
1316
1317
1318
1312
1319
1320
1321
1246
1324
1325
1416
1413
1415
1414
1329
1328
1410
1411
1386
1387
1388
1389
1384
1385
1396
1397
1398
1399
1400
1401
1402
1403
1404
1405
1393
1394
1395
1390
1392
1391
1407
1406
1408
1409
1370
1369
1368
1362
1363
1364
1365
1361
1360
1366
1367
1359
1371
1372
1373
1374
1378
1375
1376
1377
1379
1380
1382
1383
1381
1353
1354
1351
1352
1350
1349
1348
1347
1343
1344
1345
1346
1356
1357
1355
1358
1342
1341
1338
1339
1340
1337
1336
1333
1334
1335
1332
1331
1330
1412
1327
1326
1423
1424
1427
1425
1426
1519
1520
1431
1429
1430
1456
1457
1458
1459
1455
1461
1460
1447
1448
1449
1446
1445
1437
1438
1439
1440
1441
1442
1443
1444
1436
1435
1434
1451
1450
1454
1452
1453
1433
1432
1477
1478
1479
1480
1484
1483
1482
1485
1481
1486
1476
1475
1468
1469
1470
1471
1472
1473
1474
1467
1465
1466
1462
1463
1464
1493
1495
1494
1496
1497
1498
1499
1500
1501
1504
1503
1502
1491
1488
1489
1490
1492
1487
1505
1508
1509
1510
1511
1507
1506
1512
1515
1514
1513
1516
1517
1518
1428
1521
1522
1643
1644
1645
1646
1642
1640
1641
1527
1526
1636
1637
1638
1608
1607
1613
1614
1615
1616
1617
1618
1627
1624
1625
1626
1622
1623
1621
1620
1619
1628
1629
1630
1631
1632
1633
1611
1612
1609
1610
1634
1635
1576
1577
1578
1579
1580
1581
1575
1574
1569
1570
1571
1572
1568
1573
1567
1582
1583
1584
1597
1598
1591
1592
1593
1594
1595
1596
1589
1590
1587
1588
1586
1585
1599
1602
1600
1601
1606
1605
1603
1604
1558
1556
1557
1555
1554
1552
1553
1550
1551
1548
1549
1547
1544
1545
1546
1560
1563
1564
1565
1562
1561
1559
1566
1543
1539
1538
1537
1535
1536
1540
1541
1542
1534
1531
1532
1533
1529
1530
1528
1639
1524
1525
1523
1654
1653
1655
1657
1656
1777
1661
1662
1660
1659
1693
1694
1688
1687
1686
1672
1673
1678
1675
1676
1677
1674
1679
1680
1681
1682
1683
1684
1685
1671
1667
1668
1669
1670
1666
1665
1689
1690
1692
1691
1664
1663
1735
1734
1733
1731
1732
1729
1730
1728
1736
1737
1743
1742
1741
1739
1740
1738
1744
1727
1725
1726
1705
1716
1707
1708
1709
1710
1711
1712
1713
1714
1715
1706
1719
1717
1718
1721
1720
1722
1723
1724
1704
1700
1703
1701
1702
1695
1696
1697
1698
1699
1751
1752
1754
1753
1755
1756
1757
1759
1758
1760
1761
1762
1763
1764
1766
1765
1747
1748
1746
1749
1750
1745
1768
1770
1769
1767
1771
1774
1773
1772
1775
1776
1658
1779
1778
1780
1926
1927
1924
1925
1783
1919
1918
1920
1921
1922
1882
1881
1887
1888
1889
1890
1891
1892
1907
1906
1902
1903
1904
1905
1901
1900
1899
1898
1896
1897
1894
1895
1893
1913
1912
1910
1911
1908
1909
1914
1915
1886
1883
1884
1885
1916
1917
1834
1835
1836
1837
1840
1838
1839
1841
1842
1832
1833
1830
1831
1824
1825
1826
1827
1828
1829
1843
1844
1873
1856
1857
1869
1870
1871
1872
1867
1868
1864
1865
1866
1862
1863
1861
1860
1859
1858
1852
1853
1855
1854
1849
1850
1851
1848
1847
1845
1846
1874
1875
1878
1876
1877
1880
1879
1816
1817
1815
1809
1810
1811
1812
1813
1814
1807
1808
1806
1805
1804
1801
1802
1803
1797
1798
1799
1800
1819
1820
1821
1822
1818
1823
1796
1794
1795
1793
1788
1789
1790
1791
1792
1786
1787
1784
1785
1923
1782
1781
1935
1934
1937
1938
1936
2090
1942
1941
1940
1984
1985
1974
1975
1976
1977
1978
1979
1972
1973
1970
1971
1967
1968
1969
1966
1960
1959
1958
1957
1961
1962
1963
1964
1965
1950
1951
1954
1955
1956
1952
1953
1946
1947
1948
1949
1945
1980
1983
1982
1981
1943
1944
2038
2039
2037
2036
2035
2027
2028
2029
2030
2031
2032
2033
2034
2026
2041
2042
2040
2044
2043
2050
2049
2048
2047
2046
2045
2025
2024
2010
1993
1994
1992
1989
1990
1991
1988
1997
1995
1996
2001
1999
2000
1998
2002
2003
2004
2005
2006
2007
2008
2009
2013
2014
2011
2012
2018
2019
2017
2015
2016
2020
2021
2023
2022
1987
1986
2056
2055
2057
2058
2063
2064
2065
2066
2062
2061
2060
2059
2068
2067
2069
2070
2071
2073
2072
2075
2074
2053
2052
2051
2054
2076
2078
2079
2077
2080
2083
2082
2081
2085
2086
2084
2088
2089
2087
1939
2091
2092
2264
2265
2262
2260
2261
2263
2094
2256
2257
2258
2215
2216
2227
2226
2224
2225
2223
2228
2229
2234
2235
2236
2233
2232
2231
2230
2245
2243
2244
2239
2240
2241
2237
2238
2242
2249
2250
2251
2248
2247
2246
2252
2220
2221
2222
2217
2218
2219
2254
2255
2253
2155
2156
2157
2158
2159
2168
2166
2167
2165
2161
2162
2163
2164
2160
2169
2152
2153
2150
2151
2154
2149
2143
2144
2145
2146
2147
2148
2170
2171
2188
2207
2206
2208
2209
2211
2210
2212
2202
2205
2203
2204
2197
2198
2199
2200
2201
2195
2196
2194
2192
2193
2191
2190
2189
2186
2185
2187
2179
2180
2181
2182
2183
2177
2178
2184
2176
2175
2172
2173
2174
2213
2214
2136
2125
2126
2123
2124
2122
2120
2121
2127
2128
2129
2130
2131
2132
2133
2134
2135
2117
2118
2119
2115
2116
2113
2114
2111
2112
2108
2109
2110
2139
2140
2141
2142
2137
2138
2107
2105
2106
2104
2101
2102
2103
2098
2099
2097
2100
2095
2096
2259
2093
2273
2274
2272
2276
2277
2279
2278
2275
2458
2282
2281
2330
2331
2332
2329
2317
2318
2320
2319
2321
2313
2312
2311
2314
2315
2316
2297
2299
2298
2303
2304
2305
2306
2302
2301
2308
2309
2310
2307
2300
2292
2293
2291
2287
2288
2289
2290
2294
2295
2296
2286
2326
2325
2322
2323
2324
2328
2327
2284
2283
2285
2396
2395
2394
2393
2385
2386
2387
2388
2392
2391
2389
2390
2384
2401
2402
2403
2404
2397
2398
2399
2400
2405
2406
2413
2412
2411
2408
2409
2410
2407
2382
2383
2380
2381
2363
2344
2345
2346
2342
2343
2340
2341
2339
2337
2338
2348
2347
2352
2353
2351
2350
2349
2355
2354
2356
2359
2357
2358
2360
2361
2362
2365
2364
2369
2370
2371
2372
2373
2374
2375
2376
2367
2368
2366
2377
2378
2379
2336
2333
2334
2335
2418
2419
2425
2426
2427
2428
2429
2424
2423
2422
2421
2420
2431
2430
2433
2432
2435
2436
2437
2434
2438
2441
2440
2439
2416
2415
2414
2417
2442
2443
2446
2444
2445
2447
2448
2449
2450
2452
2453
2454
2451
2455
2457
2456
2280
2459
2658
2657
2655
2656
2460
2461
2652
2600
2599
2601
2613
2614
2611
2612
2610
2609
2619
2620
2618
2616
2617
2615
2637
2634
2635
2636
2629
2630
2628
2627
2631
2632
2622
2621
2623
2624
2625
2626
2633
2643
2640
2641
2642
2644
2648
2647
2646
2645
2639
2638
2649
2604
2605
2606
2607
2608
2602
2603
2651
2650
2522
2523
2524
2525
2537
2538
2539
2540
2541
2536
2535
2526
2527
2528
2529
2530
2532
2533
2534
2531
2542
2521
2520
2519
2518
2517
2507
2508
2509
2514
2515
2516
2510
2511
2512
2513
2543
2544
2549
2550
2545
2546
2547
2548
2572
2573
2590
2591
2594
2592
2593
2587
2588
2589
2580
2581
2582
2583
2584
2585
2586
2577
2578
2579
2575
2576
2574
2570
2571
2562
2561
2560
2556
2557
2558
2559
2554
2555
2563
2564
2565
2566
2567
2568
2569
2553
2552
2551
2597
2598
2596
2595
2502
2500
2501
2494
2493
2490
2491
2492
2488
2489
2487
2495
2496
2497
2498
2499
2486
2485
2483
2482
2481
2484
2480
2478
2479
2504
2505
2506
2503
2477
2476
2472
2473
2475
2474
2471
2470
2469
2466
2465
2467
2468
2464
2462
2463
2653
2654
2665
2666
2668
2667
2872
2873
2871
2720
2718
2719
2709
2710
2711
2701
2700
2702
2704
2705
2706
2707
2703
2708
2687
2689
2688
2693
2694
2695
2696
2692
2691
2699
2698
2697
2690
2682
2683
2684
2681
2674
2675
2676
2677
2678
2679
2680
2685
2686
2673
2715
2714
2712
2713
2717
2716
2671
2672
2808
2807
2806
2805
2790
2789
2787
2788
2786
2791
2792
2804
2803
2802
2801
2799
2797
2798
2793
2794
2795
2796
2800
2785
2809
2810
2818
2817
2816
2812
2811
2815
2813
2814
2777
2776
2783
2784
2782
2778
2779
2780
2781
2759
2755
2756
2757
2758
2728
2725
2727
2726
2733
2734
2735
2730
2731
2732
2729
2746
2747
2744
2745
2743
2742
2741
2738
2739
2740
2736
2737
2750
2749
2748
2752
2753
2751
2754
2760
2766
2767
2768
2769
2772
2771
2770
2773
2765
2763
2764
2762
2761
2774
2775
2722
2721
2723
2724
2824
2825
2826
2828
2829
2827
2838
2839
2840
2841
2842
2843
2834
2835
2836
2837
2833
2832
2831
2830
2844
2845
2846
2848
2849
2850
2851
2852
2853
2847
2854
2856
2855
2822
2820
2821
2819
2823
2857
2858
2859
2861
2862
2860
2863
2864
2865
2866
2867
2868
2869
2870
2669
2670
3063
3064
3065
2875
2874
2876
3012
3013
3015
3014
3022
3030
3031
3032
3029
3026
3025
3024
3023
3027
3028
3043
3040
3041
3042
3037
3038
3033
3034
3035
3036
3039
3047
3048
3049
3057
3055
3056
3054
3052
3053
3051
3050
3045
3046
3044
3058
3019
3020
3021
3016
3017
3018
3060
3059
2929
2930
2931
2932
2946
2947
2948
2949
2950
2951
2945
2944
2933
2934
2935
2936
2939
2940
2943
2941
2942
2937
2938
2928
2921
2922
2923
2927
2924
2926
2925
2957
2958
2952
2953
2954
2955
2956
2972
2974
2975
2973
3006
3000
2998
2999
3003
3004
3002
3001
3005
2984
2982
2983
2987
2985
2986
2988
2989
2993
2991
2992
2990
2995
2996
2997
2994
2980
2981
2977
2978
2979
2976
2971
2966
2965
2964
2962
2963
2961
2967
2969
2968
2970
2960
2959
3011
3008
3009
3010
3007
2917
2916
2914
2915
2905
2906
2904
2903
2902
2901
2909
2910
2908
2907
2911
2912
2913
2900
2899
2898
2897
2896
2895
2893
2894
2891
2892
2918
2920
2919
2890
2886
2887
2888
2889
2884
2883
2885
2882
2881
2880
2879
2878
2877
3062
3061
3072
3257
3258
3123
3121
3122
3119
3120
3109
3110
3103
3102
3101
3104
3106
3107
3108
3105
3091
3090
3089
3094
3095
3093
3100
3098
3099
3097
3096
3092
3087
3086
3079
3081
3082
3080
3083
3084
3085
3088
3078
3113
3114
3115
3112
3111
3118
3117
3116
3075
3076
3077
3203
3204
3205
3202
3200
3201
3189
3187
3188
3185
3186
3184
3182
3183
3181
3190
3191
3198
3199
3196
3197
3195
3194
3192
3193
3211
3206
3209
3210
3207
3208
3175
3174
3180
3179
3176
3177
3178
3161
3160
3128
3133
3134
3130
3131
3132
3129
3146
3147
3148
3149
3150
3145
3143
3144
3141
3142
3139
3140
3137
3136
3135
3138
3152
3153
3151
3156
3155
3154
3157
3158
3159
3169
3170
3172
3171
3164
3165
3166
3167
3168
3162
3163
3173
3124
3125
3127
3126
3214
3215
3216
3227
3226
3228
3229
3230
3231
3221
3220
3222
3223
3224
3225
3219
3218
3217
3232
3233
3234
3235
3236
3237
3238
3239
3242
3240
3241
3213
3212
3243
3244
3249
3247
3248
3246
3245
3250
3251
3252
3253
3254
3255
3256
3073
3074
3460
3260
3259
3411
3412
3413
3414
3421
3429
3430
3423
3424
3425
3426
3422
3427
3428
3442
3443
3444
3440
3431
3432
3435
3433
3434
3436
3437
3438
3439
3441
3445
3446
3447
3448
3449
3450
3452
3453
3454
3451
3455
3418
3417
3419
3420
3415
3416
3457
3456
3320
3317
3318
3319
3316
3321
3322
3324
3325
3323
3343
3344
3346
3345
3348
3349
3347
3350
3352
3353
3351
3354
3339
3340
3341
3342
3338
3327
3328
3326
3329
3330
3331
3332
3333
3334
3335
3336
3337
3309
3314
3315
3311
3310
3313
3312
3360
3361
3362
3355
3356
3357
3359
3358
3406
3404
3403
3402
3405
3393
3391
3392
3384
3385
3386
3387
3388
3389
3390
3382
3383
3394
3395
3396
3398
3397
3400
3401
3399
3381
3376
3377
3378
3379
3380
3375
3366
3364
3365
3370
3371
3372
3368
3369
3367
3374
3373
3363
3409
3410
3407
3408
3303
3304
3305
3306
3302
3301
3290
3288
3289
3286
3287
3285
3284
3295
3296
3293
3294
3292
3291
3297
3298
3299
3300
3283
3282
3281
3280
3279
3278
3274
3275
3276
3277
3307
3308
3272
3273
3267
3268
3269
3270
3271
3266
3265
3264
3263
3261
3262
3459
3458
3467
3657
3658
3659
3526
3527
3528
3525
3524
3523
3515
3516
3517
3502
3501
3510
3511
3512
3513
3509
3508
3507
3514
3506
3503
3504
3505
3490
3489
3487
3488
3492
3493
3500
3497
3499
3498
3496
3495
3494
3491
3484
3485
3486
3483
3482
3481
3480
3477
3474
3475
3476
3473
3478
3479
3471
3472
3520
3519
3518
3521
3522
3469
3470
3607
3608
3606
3609
3605
3603
3604
3591
3590
3588
3589
3585
3586
3587
3583
3584
3582
3581
3580
3594
3595
3593
3592
3596
3602
3601
3600
3599
3598
3597
3616
3614
3615
3610
3611
3612
3613
3575
3574
3579
3578
3577
3576
3533
3534
3532
3544
3545
3547
3546
3551
3552
3553
3550
3549
3548
3555
3554
3543
3542
3540
3541
3538
3535
3536
3537
3539
3556
3559
3560
3561
3558
3557
3562
3563
3567
3568
3569
3570
3572
3571
3566
3564
3565
3573
3529
3531
3530
3620
3619
3621
3622
3635
3636
3637
3638
3639
3640
3629
3630
3631
3627
3628
3633
3632
3634
3626
3625
3624
3623
3641
3642
3643
3644
3645
3646
3647
3618
3617
3648
3651
3650
3649
3652
3653
3654
3656
3655
3468
3845
3662
3661
3660
3786
3785
3787
3788
3789
3794
3793
3812
3799
3800
3801
3802
3803
3804
3805
3806
3798
3795
3796
3797
3807
3810
3811
3809
3808
3820
3821
3818
3817
3813
3814
3815
3816
3819
3824
3825
3826
3823
3822
3827
3828
3831
3832
3836
3837
3838
3834
3835
3833
3839
3830
3829
3841
3842
3840
3791
3792
3790
3843
3706
3709
3707
3708
3719
3721
3720
3723
3722
3724
3725
3726
3727
3716
3717
3718
3714
3715
3710
3711
3712
3713
3702
3701
3704
3705
3703
3734
3735
3736
3728
3729
3730
3731
3732
3733
3783
3774
3772
3773
3769
3770
3771
3758
3759
3760
3761
3762
3763
3757
3764
3765
3766
3767
3768
3755
3756
3775
3776
3778
3777
3780
3782
3781
3779
3754
3751
3752
3753
3750
3749
3744
3745
3743
3742
3740
3741
3738
3739
3746
3747
3748
3737
3784
3697
3698
3696
3695
3681
3680
3679
3678
3685
3688
3689
3690
3686
3687
3683
3684
3682
3691
3692
3693
3694
3677
3676
3675
3674
3673
3672
3699
3700
3671
3670
3668
3669
3667
3666
3663
3664
3665
3844
3852
4039
4040
4041
3916
3917
3914
3915
3913
3912
3905
3904
3903
3900
3901
3902
3899
3898
3909
3907
3908
3906
3893
3894
3895
3896
3892
3897
3877
3878
3876
3881
3882
3883
3884
3891
3889
3890
3887
3888
3885
3886
3879
3880
3872
3871
3870
3873
3874
3875
3869
3868
3865
3864
3859
3858
3861
3862
3860
3863
3857
3866
3867
3856
3855
3910
3911
3854
3995
3994
3987
3985
3986
3982
3983
3984
3981
3980
3979
3990
3989
3988
3991
3993
3992
3999
3997
3996
3998
3973
3978
3977
3976
3974
3975
3919
3930
3929
3935
3936
3932
3933
3934
3931
3950
3951
3949
3946
3947
3948
3944
3945
3943
3942
3939
3940
3941
3938
3937
3955
3952
3953
3954
3928
3927
3924
3925
3926
3922
3920
3921
3923
3956
3958
3959
3957
3960
3965
3966
3963
3964
3967
3968
3969
3971
3972
3970
3962
3961
3918
4003
4002
4004
4005
4020
4021
4022
4023
4010
4011
4009
4015
4012
4013
4014
4018
4016
4017
4019
4008
4007
4006
4024
4025
4026
4027
4028
4029
4030
4001
4000
4031
4032
4035
4033
4034
4036
4037
4038
3853
4226
4043
4042
4163
4164
4165
4162
4167
4166
4168
4169
4176
4177
4178
4179
4180
4181
4182
4183
4172
4173
4174
4175
4185
4184
4202
4201
4203
4204
4195
4196
4197
4198
4194
4193
4186
4187
4188
4190
4189
4192
4191
4200
4199
4209
4210
4211
4207
4208
4205
4206
4212
4213
4215
4216
4220
4217
4218
4219
4221
4214
4222
4223
4171
4170
4224
4087
4092
4093
4094
4096
4095
4097
4098
4099
4090
4091
4088
4089
4084
4085
4086
4104
4100
4103
4101
4102
4147
4148
4142
4143
4141
4145
4144
4146
4123
4124
4122
4125
4129
4130
4131
4127
4128
4126
4133
4132
4134
4135
4137
4136
4138
4139
4140
4121
4119
4120
4149
4151
4152
4153
4154
4155
4156
4150
4157
4158
4160
4159
4118
4114
4115
4113
4116
4117
4110
4109
4111
4108
4107
4105
4106
4112
4161
4080
4081
4079
4078
4060
4059
4058
4057
4069
4070
4067
4068
4071
4063
4066
4065
4064
4061
4062
4072
4073
4074
4075
4076
4077
4055
4056
4054
4053
4052
4051
4050
4082
4083
4049
4048
4046
4047
4045
4044
4225
4233
4413
4414
4301
4300
4299
4298
4296
4297
4285
4286
4287
4283
4284
4282
4281
4280
4279
4278
4292
4293
4291
4290
4288
4289
4274
4275
4276
4277
4256
4257
4258
4259
4255
4254
4265
4264
4263
4266
4267
4273
4272
4271
4270
4268
4269
4260
4261
4262
4249
4250
4247
4248
4252
4251
4253
4246
4243
4244
4245
4242
4240
4241
4238
4239
4237
4236
4294
4295
4235
4375
4372
4373
4374
4370
4371
4369
4368
4367
4377
4376
4379
4378
4380
4359
4366
4361
4362
4363
4364
4365
4360
4312
4313
4314
4315
4316
4320
4318
4319
4321
4317
4341
4339
4340
4342
4338
4334
4333
4330
4331
4332
4336
4335
4337
4329
4328
4327
4325
4326
4324
4323
4322
4343
4344
4310
4311
4309
4308
4307
4306
4304
4305
4303
4345
4348
4349
4347
4346
4354
4355
4356
4353
4357
4358
4350
4351
4352
4302
4384
4383
4385
4386
4402
4395
4394
4396
4393
4399
4397
4398
4401
4400
4390
4391
4392
4389
4388
4387
4404
4403
4405
4406
4407
4408
4382
4381
4409
4410
4411
4412
4234
4611
4416
4415
4541
4542
4543
4544
4545
4557
4556
4555
4559
4560
4558
4561
4562
4563
4564
4565
4548
4549
4550
4551
4552
4553
4554
4570
4569
4568
4566
4567
4589
4587
4588
4590
4581
4582
4580
4571
4572
4573
4574
4578
4579
4575
4576
4577
4586
4585
4583
4584
4596
4595
4597
4593
4594
4591
4592
4601
4600
4598
4599
4602
4604
4603
4605
4606
4607
4608
4547
4546
4609
4463
4466
4464
4465
4468
4467
4469
4470
4462
4461
4458
4459
4460
4478
4471
4476
4475
4474
4472
4473
4477
4532
4533
4531
4530
4527
4528
4526
4529
4501
4503
4502
4500
4504
4509
4510
4514
4511
4512
4513
4507
4508
4505
4506
4515
4516
4517
4518
4521
4522
4523
4519
4520
4524
4525
4499
4534
4535
4536
4537
4538
4539
4498
4492
4493
4494
4495
4496
4497
4483
4484
4482
4481
4479
4480
4485
4486
4487
4488
4489
4490
4491
4540
4453
4454
4451
4452
4426
4427
4434
4435
4433
4436
4437
4430
4432
4431
4428
4429
4446
4447
4438
4439
4440
4441
4442
4443
4444
4445
4448
4449
4450
4424
4425
4423
4422
4421
4420
4455
4456
4457
4419
4418
4417
4610
4619
4620
4801
4802
4689
4688
4684
4685
4686
4687
4683
4682
4672
4673
4674
4671
4670
4668
4669
4667
4666
4680
4678
4679
4677
4676
4675
4662
4663
4664
4665
4642
4643
4644
4645
4641
4651
4652
4650
4653
4661
4660
4659
4658
4654
4657
4656
4655
4646
4647
4648
4649
4635
4636
4637
4634
4639
4638
4640
4629
4630
4631
4633
4632
4628
4627
4626
4625
4624
4623
4681
4622
4759
4760
4752
4757
4758
4753
4754
4755
4756
4750
4751
4749
4748
4761
4762
4765
4764
4763
4740
4747
4742
4743
4744
4746
4745
4741
4694
4695
4696
4697
4698
4699
4700
4720
4721
4722
4718
4719
4723
4717
4711
4708
4710
4709
4713
4712
4714
4715
4716
4707
4706
4705
4703
4704
4702
4701
4692
4693
4691
4724
4728
4727
4726
4725
4735
4736
4737
4739
4738
4733
4734
4731
4732
4729
4730
4690
4770
4769
4771
4787
4788
4786
4785
4789
4790
4792
4791
4776
4777
4775
4784
4783
4782
4780
4781
4779
4778
4774
4773
4772
4793
4794
4795
4796
4797
4768
4767
4766
4798
4799
4800
4621
5018
4805
4803
4804
4934
4935
4937
4938
4936
4939
4940
4941
4942
4952
4953
4954
4955
4956
4958
4959
4960
4957
4961
4944
4946
4947
4945
4948
4949
4950
4951
4964
4963
4962
4991
4992
4990
4989
4987
4988
4993
4978
4979
4965
4966
4967
4968
4969
4970
4971
4972
4977
4973
4974
4975
4976
4986
4985
4980
4981
4982
4983
4984
5000
5001
5002
4999
4998
5003
4996
4997
4994
4995
5007
5006
5004
5005
5008
5009
5010
5011
5012
5013
5014
5015
4943
5016
4853
4854
4851
4852
4861
4855
4859
4860
4858
4857
4856
4863
4862
4864
4865
4866
4867
4850
4848
4849
4845
4846
4847
4877
4868
4874
4875
4873
4871
4872
4869
4870
4876
4930
4928
4929
4926
4927
4923
4924
4925
4922
4920
4921
4919
4895
4896
4894
4897
4893
4898
4902
4903
4906
4904
4905
4900
4901
4899
4907
4908
4909
4910
4911
4912
4913
4916
4917
4914
4915
4918
4931
4932
4892
4889
4890
4891
4881
4880
4878
4879
4882
4883
4884
4886
4887
4885
4888
4933
4839
4840
4822
4821
4823
4824
4825
4820
4819
4815
4816
4817
4818
4836
4826
4827
4828
4829
4830
4831
4833
4832
4834
4835
4837
4838
4814
4812
4813
4810
4811
4809
4841
4842
4843
4844
4808
4807
4806
5017
5027
5247
5248
5113
5112
5110
5111
5109
5108
5107
5106
5094
5093
5092
5091
5090
5084
5085
5086
5087
5088
5083
5089
5082
5102
5101
5099
5100
5095
5096
5097
5098
5079
5080
5081
5054
5055
5056
5057
5053
5058
5059
5060
5061
5062
5050
5051
5052
5065
5078
5077
5076
5075
5074
5073
5071
5072
5066
5067
5070
5069
5068
5063
5064
5046
5045
5044
5047
5041
5042
5043
5048
5049
5037
5038
5040
5039
5036
5035
5034
5033
5032
5031
5030
5103
5104
5105
5029
5198
5197
5199
5200
5191
5195
5196
5193
5192
5194
5188
5189
5190
5186
5187
5185
5184
5183
5201
5203
5204
5205
5206
5207
5208
5209
5202
5175
5182
5177
5178
5179
5180
5181
5176
5116
5117
5118
5121
5119
5120
5122
5126
5124
5125
5123
5127
5128
5132
5129
5130
5131
5133
5158
5157
5159
5156
5160
5155
5149
5145
5146
5148
5147
5152
5153
5150
5151
5154
5144
5143
5142
5140
5141
5139
5136
5138
5137
5134
5135
5115
5161
5164
5163
5162
5172
5174
5173
5171
5169
5170
5168
5165
5166
5167
5114
5214
5213
5233
5234
5232
5231
5228
5229
5230
5235
5236
5240
5238
5239
5237
5217
5225
5226
5227
5224
5223
5222
5220
5221
5219
5218
5216
5215
5241
5243
5242
5244
5212
5210
5211
5245
5246
5028
5472
5249
5382
5383
5384
5385
5386
5387
5388
5389
5399
5400
5401
5402
5403
5404
5405
5406
5407
5408
5412
5413
5414
5415
5416
5417
5418
5419
5420
5411
5409
5410
5421
5392
5393
5398
5396
5397
5395
5394
5423
5422
5449
5448
5447
5446
5450
5445
5444
5443
5442
5452
5453
5451
5439
5440
5424
5425
5426
5427
5428
5429
5430
5433
5434
5431
5432
5438
5435
5436
5437
5441
5456
5457
5455
5460
5461
5459
5458
5454
5465
5464
5462
5463
5466
5467
5468
5469
5391
5390
5470
5294
5295
5293
5292
5302
5297
5296
5299
5300
5301
5298
5304
5303
5307
5305
5306
5308
5309
5290
5289
5286
5287
5288
5285
5284
5291
5317
5314
5313
5312
5311
5310
5315
5316
5379
5378
5377
5374
5375
5376
5373
5372
5371
5370
5365
5366
5369
5368
5367
5335
5334
5336
5333
5337
5342
5343
5349
5350
5348
5344
5345
5346
5347
5340
5339
5341
5338
5351
5352
5353
5354
5356
5355
5357
5360
5361
5362
5358
5359
5364
5363
5380
5332
5328
5329
5330
5331
5320
5318
5319
5321
5323
5322
5324
5327
5325
5326
5381
5281
5265
5264
5266
5271
5267
5268
5269
5270
5262
5263
5261
5258
5259
5260
5278
5272
5273
5274
5275
5276
5277
5279
5280
5255
5256
5257
5253
5254
5252
5282
5283
5251
5250
5471
5483
5693
5578
5577
5576
5574
5575
5562
5563
5556
5557
5558
5559
5560
5561
5555
5554
5553
5550
5551
5552
5549
5548
5547
5542
5538
5539
5540
5541
5537
5536
5535
5534
5533
5543
5544
5546
5545
5532
5571
5572
5569
5570
5564
5565
5566
5567
5568
5528
5529
5530
5531
5508
5509
5510
5511
5512
5513
5507
5514
5502
5503
5504
5501
5505
5506
5516
5515
5527
5526
5524
5525
5523
5521
5522
5520
5517
5519
5518
5499
5498
5495
5496
5494
5497
5500
5491
5492
5493
5490
5489
5488
5487
5573
5486
5661
5662
5663
5655
5659
5660
5657
5656
5658
5654
5653
5652
5651
5665
5666
5670
5668
5669
5667
5671
5664
5644
5646
5647
5648
5649
5650
5645
5582
5583
5584
5586
5585
5587
5588
5589
5590
5595
5594
5591
5592
5593
5627
5628
5629
5630
5625
5626
5617
5616
5611
5612
5610
5615
5614
5613
5620
5621
5622
5623
5618
5619
5624
5609
5608
5607
5605
5606
5603
5604
5599
5600
5601
5598
5602
5596
5597
5580
5581
5631
5632
5633
5636
5635
5634
5641
5643
5642
5639
5640
5637
5638
5579
5672
5681
5682
5683
5680
5679
5678
5684
5687
5688
5686
5685
5674
5677
5676
5675
5673
5689
5690
5691
5692
5484
5485
5893
5803
5804
5806
5805
5814
5813
5820
5819
5818
5817
5816
5815
5821
5822
5823
5824
5827
5825
5826
5828
5829
5835
5836
5834
5833
5837
5838
5839
5840
5841
5842
5843
5832
5830
5831
5812
5811
5810
5808
5809
5847
5845
5846
5844
5866
5863
5864
5865
5862
5861
5867
5860
5870
5871
5872
5873
5869
5868
5859
5848
5849
5850
5852
5853
5854
5851
5855
5856
5857
5858
5875
5876
5879
5880
5878
5881
5877
5874
5882
5883
5884
5885
5886
5887
5888
5889
5807
5890
5730
5729
5728
5738
5739
5734
5731
5732
5733
5735
5736
5737
5740
5726
5724
5723
5725
5722
5727
5748
5744
5745
5746
5743
5742
5741
5747
5800
5798
5799
5796
5797
5795
5793
5794
5761
5760
5759
5758
5762
5769
5774
5773
5775
5770
5771
5772
5766
5765
5764
5763
5768
5767
5776
5777
5778
5780
5779
5781
5786
5787
5788
5785
5789
5790
5782
5783
5784
5792
5791
5802
5801
5755
5756
5757
5754
5753
5751
5749
5750
5752
5721
5708
5709
5705
5706
5707
5704
5710
5711
5712
5702
5703
5701
5697
5698
5699
5700
5718
5713
5714
5715
5716
5717
5719
5720
5696
5695
5694
5892
5891
5905
5991
5989
5990
5979
5980
5974
5975
5976
5977
5978
5973
5972
5971
5970
5968
5969
5967
5961
5962
5963
5964
5960
5958
5959
5957
5956
5955
5954
5953
5965
5966
5981
5982
5983
5984
5985
5986
5987
5948
5951
5952
5949
5950
5931
5932
5933
5929
5930
5934
5935
5925
5926
5927
5928
5936
5947
5946
5941
5942
5943
5940
5944
5945
5939
5938
5937
5923
5922
5920
5919
5921
5918
5924
5917
5916
5914
5915
5913
5912
5911
5910
5988
5909
6058
6059
6049
6050
6048
6053
6054
6055
6057
6056
6052
6051
6047
6060
6062
6061
6063
6040
6044
6043
6042
6045
6046
6041
5994
5996
5995
5997
5998
5999
6001
6000
6027
6028
6029
6030
6025
6026
6017
6012
6016
6015
6013
6014
6020
6021
6022
6023
6024
6018
6019
6011
6010
6009
6006
6007
6005
6004
6008
6002
6003
5992
5993
6032
6031
6033
6036
6037
6039
6038
6034
6035
6064
6079
6077
6078
6081
6080
6082
6083
6076
6074
6075
6085
6084
6086
6091
6089
6090
6088
6087
6067
6073
6071
6072
6070
6069
6068
6065
6066
6092
6093
6094
5906
5907
5908
6263
6197
6196
6204
6207
6208
6206
6205
6209
6210
6211
6212
6213
6214
6215
6220
6221
6219
6218
6222
6223
6224
6225
6226
6227
6228
6229
6217
6216
6203
6202
6201
6199
6200
6233
6234
6230
6232
6231
6247
6246
6245
6244
6243
6235
6237
6236
6238
6239
6240
6241
6242
6249
6250
6252
6253
6251
6254
6248
6255
6256
6257
6258
6259
6198
6128
6127
6140
6141
6134
6133
6131
6132
6129
6130
6135
6136
6137
6138
6139
6142
6124
6125
6126
6123
6145
6146
6147
6148
6149
6144
6143
6150
6192
6193
6190
6191
6189
6188
6187
6185
6186
6161
6160
6159
6158
6169
6174
6170
6171
6172
6173
6166
6165
6164
6163
6162
6168
6167
6175
6176
6181
6180
6182
6183
6177
6178
6179
6184
6195
6194
6157
6154
6153
6151
6152
6156
6155
6109
6108
6107
6110
6112
6113
6111
6106
6104
6105
6098
6099
6100
6101
6102
6103
6120
6114
6115
6117
6116
6118
6119
6122
6121
6097
6096
6095
6262
6261
6260
6276
6339
6331
6332
6333
6334
6330
6329
6328
6327
6319
6320
6321
6322
6323
6318
6324
6325
6317
6315
6316
6314
6313
6312
6311
6308
6309
6310
6326
6335
6336
6337
6301
6302
6303
6300
6306
6307
6304
6305
6289
6290
6291
6292
6293
6299
6298
6297
6296
6295
6294
6287
6285
6286
6284
6288
6283
6282
6281
6280
6338
6404
6393
6392
6398
6399
6401
6400
6403
6402
6397
6396
6394
6395
6391
6407
6406
6405
6408
6388
6387
6385
6386
6389
6390
6384
6340
6342
6341
6343
6344
6348
6349
6345
6346
6347
6374
6375
6376
6377
6366
6360
6364
6365
6363
6361
6362
6368
6369
6370
6371
6372
6373
6367
6359
6358
6354
6352
6353
6351
6355
6356
6357
6350
6378
6381
6382
6383
6379
6380
6423
6424
6422
6420
6419
6421
6426
6425
6431
6430
6429
6428
6427
6410
6418
6416
6417
6413
6414
6415
6412
6411
6409
6432
6433
6277
6278
6279
6589
6537
6536
6535
6538
6539
6540
6541
6552
6549
6550
6551
6548
6546
6547
6545
6544
6543
6554
6553
6555
6556
6557
6558
6542
6534
6533
6532
6565
6563
6564
6566
6560
6559
6562
6561
6577
6576
6575
6574
6567
6568
6569
6570
6571
6572
6573
6579
6581
6580
6582
6578
6583
6584
6585
6586
6530
6531
6461
6477
6478
6467
6466
6463
6464
6465
6462
6468
6469
6470
6471
6472
6473
6474
6475
6476
6479
6458
6459
6460
6482
6483
6484
6485
6488
6486
6487
6481
6480
6489
6528
6529
6527
6526
6525
6520
6522
6523
6524
6521
6497
6496
6495
6504
6506
6507
6505
6508
6509
6502
6501
6500
6499
6498
6503
6510
6511
6512
6515
6517
6516
6518
6514
6513
6519
6494
6491
6490
6493
6492
6445
6444
6446
6447
6442
6443
6436
6437
6438
6439
6440
6441
6457
6448
6450
6449
6453
6452
6451
6454
6455
6456
6435
6434
6588
6587
6607
6656
6657
6658
6659
6660
6655
6642
6646
6647
6648
6644
6645
6643
6649
6650
6651
6652
6641
6640
6639
6638
6637
6653
6654
6661
6662
6663
6664
6665
6666
6631
6633
6632
6630
6635
6636
6634
6617
6618
6619
6620
6621
6628
6629
6627
6626
6625
6624
6623
6622
6614
6615
6612
6613
6611
6616
6610
6609
6608
6668
6667
6722
6723
6726
6727
6728
6729
6725
6724
6732
6731
6730
6720
6719
6718
6716
6717
6721
6715
6669
6670
6671
6672
6673
6675
6674
6676
6677
6705
6706
6707
6698
6696
6697
6695
6694
6693
6700
6701
6702
6703
6704
6699
6692
6691
6685
6681
6682
6683
6684
6679
6680
6686
6687
6688
6689
6690
6678
6708
6713
6714
6709
6710
6711
6712
6743
6744
6745
6742
6747
6746
6755
6754
6749
6750
6751
6752
6753
6748
6733
6741
6738
6739
6740
6735
6736
6737
6734
6756
6898
6850
6848
6849
6847
6846
6845
6851
6852
6853
6868
6861
6862
6863
6860
6859
6866
6864
6865
6867
6858
6857
6856
6855
6869
6870
6871
6872
6854
6844
6842
6843
6841
6839
6840
6878
6876
6877
6874
6875
6873
6889
6888
6887
6886
6885
6879
6880
6881
6882
6883
6884
6892
6891
6893
6894
6890
6895
6896
6897
6838
6787
6786
6783
6782
6781
6784
6785
6780
6789
6790
6791
6792
6793
6788
6794
6837
6835
6836
6834
6833
6832
6804
6803
6802
6811
6812
6813
6814
6815
6816
6807
6808
6806
6805
6809
6810
6817
6818
6823
6825
6824
6828
6829
6826
6827
6822
6821
6820
6819
6830
6831
6801
6796
6795
6800
6799
6798
6797
6772
6771
6770
6773
6768
6769
6758
6759
6760
6766
6765
6762
6763
6764
6761
6767
6779
6775
6774
6777
6776
6778
6757
6918
6965
6966
6967
6968
6969
6970
6963
6964
6962
6961
6948
6955
6956
6952
6954
6953
6949
6950
6951
6957
6958
6959
6960
6947
6946
6945
6944
6971
6972
6973
6974
6975
6936
6937
6940
6938
6939
6941
6942
6943
6927
6928
6929
6930
6935
6934
6933
6932
6931
6924
6925
6923
6922
6926
6921
6920
6919
6976
6977
7023
7024
7027
7028
7029
7026
7025
7030
7020
7019
7017
7018
7016
7015
7021
7022
7014
6978
6979
6980
6981
7005
7006
7007
6999
6998
6997
6996
6995
7002
7003
7004
7001
7000
6994
6993
6988
6986
6987
6985
6989
6990
6991
6992
6983
6984
6982
7008
7011
7012
7013
7009
7010
7042
7043
7044
7041
7046
7047
7045
7056
7054
7055
7049
7050
7052
7051
7053
7048
7031
7038
7039
7040
7035
7036
7037
7032
7033
7034
7057
7058
7182
7144
7145
7146
7147
7143
7142
7141
7140
7148
7149
7150
7160
7154
7153
7155
7156
7157
7159
7158
7152
7151
7161
7162
7163
7138
7139
7136
7137
7135
7134
7133
7167
7166
7165
7164
7173
7174
7172
7171
7168
7169
7170
7178
7176
7177
7179
7175
7180
7181
7132
7131
7090
7087
7086
7085
7088
7089
7092
7093
7095
7096
7094
7097
7098
7091
7099
7130
7129
7128
7107
7106
7105
7112
7113
7114
7115
7116
7117
7110
7109
7108
7111
7118
7119
7124
7126
7125
7123
7121
7122
7120
7127
7104
7102
7101
7100
7103
7076
7075
7074
7072
7069
7070
7071
7073
7060
7061
7062
7068
7067
7063
7064
7065
7066
7084
7079
7077
7078
7081
7080
7083
7082
7059
7204
7249
7248
7245
7246
7247
7250
7251
7244
7243
7230
7236
7237
7238
7239
7240
7235
7233
7234
7231
7232
7241
7242
7229
7227
7228
7253
7254
7255
7252
7257
7256
7258
7225
7226
7216
7217
7218
7219
7220
7224
7223
7221
7222
7208
7210
7209
7207
7211
7212
7213
7214
7215
7206
7205
7259
7308
7309
7307
7306
7303
7304
7302
7299
7300
7301
7298
7295
7296
7297
7305
7294
7260
7261
7262
7286
7287
7288
7278
7277
7276
7274
7275
7272
7273
7283
7284
7285
7279
7280
7281
7282
7271
7266
7264
7265
7267
7269
7268
7270
7263
7289
7291
7292
7293
7290
7321
7322
7323
7325
7326
7329
7328
7327
7324
7342
7341
7339
7340
7330
7331
7337
7338
7336
7335
7332
7333
7334
7310
7317
7319
7320
7318
7312
7313
7314
7315
7316
7311
7343
7472
7428
7429
7430
7431
7435
7433
7434
7432
7427
7436
7437
7448
7441
7440
7439
7442
7444
7443
7446
7447
7445
7438
7449
7450
7451
7425
7424
7426
7421
7422
7423
7420
7452
7459
7458
7457
7456
7455
7453
7454
7469
7467
7468
7470
7471
7466
7464
7465
7463
7462
7460
7461
7419
7368
7369
7370
7366
7367
7371
7372
7375
7374
7376
7378
7377
7379
7381
7380
7373
7382
7418
7417
7416
7388
7387
7386
7400
7401
7402
7404
7403
7406
7405
7392
7393
7394
7390
7391
7389
7399
7398
7396
7397
7395
7407
7412
7414
7413
7411
7409
7410
7408
7415
7384
7385
7383
7356
7355
7354
7352
7351
7350
7353
7345
7346
7349
7348
7347
7365
7358
7357
7363
7361
7362
7360
7359
7364
7344
7492
7529
7528
7527
7523
7525
7524
7526
7530
7522
7514
7518
7519
7520
7517
7516
7515
7521
7513
7512
7532
7533
7531
7534
7511
7504
7505
7506
7507
7508
7510
7509
7496
7497
7494
7495
7493
7498
7499
7500
7501
7503
7502
7589
7587
7588
7586
7590
7584
7585
7583
7580
7578
7579
7576
7577
7575
7573
7574
7581
7582
7572
7535
7536
7569
7570
7571
7556
7555
7551
7552
7553
7554
7549
7550
7546
7547
7548
7564
7563
7562
7566
7565
7567
7568
7557
7558
7559
7560
7561
7545
7540
7538
7539
7541
7543
7542
7544
7537
7603
7604
7606
7607
7608
7605
7612
7611
7609
7610
7591
7602
7592
7593
7594
7595
7598
7599
7596
7597
7600
7601
7613
7726
7692
7693
7697
7695
7696
7694
7691
7698
7703
7700
7701
7702
7699
7704
7705
7689
7688
7690
7706
7707
7708
7713
7712
7711
7709
7710
7722
7721
7723
7724
7725
7719
7720
7718
7717
7714
7715
7716
7637
7638
7639
7640
7636
7642
7641
7645
7646
7649
7647
7648
7650
7651
7644
7643
7652
7687
7655
7654
7653
7668
7669
7672
7671
7670
7673
7676
7674
7675
7661
7662
7659
7660
7657
7658
7656
7667
7666
7665
7664
7663
7683
7684
7685
7681
7682
7679
7680
7677
7678
7686
7626
7625
7623
7621
7622
7624
7616
7617
7618
7619
7620
7635
7634
7633
7632
7628
7629
7627
7631
7630
7614
7615
7743
7780
7781
7779
7775
7777
7776
7778
7782
7774
7771
7773
7772
7767
7768
7769
7770
7790
7783
7784
7785
7786
7787
7788
7789
7766
7760
7761
7762
7763
7764
7765
7749
7750
7751
7748
7745
7746
7747
7744
7753
7754
7755
7752
7756
7757
7758
7759
7845
7846
7847
7844
7842
7843
7841
7840
7837
7835
7836
7834
7833
7832
7831
7838
7839
7829
7830
7791
7827
7828
7813
7814
7807
7808
7809
7810
7811
7812
7806
7804
7805
7822
7821
7824
7823
7825
7826
7815
7816
7817
7818
7819
7820
7795
7794
7793
7797
7798
7796
7800
7799
7802
7803
7801
7792
7858
7860
7862
7861
7859
7867
7866
7865
7863
7864
7848
7849
7850
7851
7855
7856
7854
7857
7852
7853
7869
7868
7988
7989
7956
7955
7957
7960
7958
7959
7954
7961
7964
7962
7963
7967
7966
7965
7946
7951
7952
7953
7950
7949
7948
7947
7968
7972
7971
7970
7969
7984
7983
7980
7981
7982
7985
7987
7986
7978
7977
7979
7976
7975
7973
7974
7894
7893
7891
7892
7895
7897
7896
7898
7899
7905
7904
7906
7907
7908
7909
7910
7903
7900
7901
7902
7911
7945
7913
7914
7912
7927
7926
7934
7933
7931
7932
7930
7928
7929
7935
7937
7936
7919
7920
7917
7918
7916
7915
7925
7924
7923
7922
7921
7941
7942
7939
7940
7938
7943
7944
7881
7879
7878
7880
7872
7873
7874
7875
7876
7877
7890
7888
7889
7887
7884
7885
7882
7883
7886
7870
7871
8004
8032
8028
8029
8030
8031
8033
8027
8026
8038
8035
8034
8036
8037
8024
8025
8019
8020
8021
8022
8023
8007
8010
8011
8009
8008
8005
8006
8013
8014
8015
8012
8016
8017
8018
8086
8087
8089
8088
8085
8084
8080
8081
8082
8083
8078
8076
8077
8075
8074
8079
8073
8039
8072
8071
8056
8057
8051
8052
8053
8054
8055
8050
8048
8049
8064
8065
8066
8067
8068
8069
8070
8058
8059
8060
8061
8062
8063
8043
8044
8042
8046
8045
8047
8041
8040
8096
8098
8097
8104
8103
8102
8101
8100
8099
8090
8093
8091
8092
8094
8095
8106
8105
8221
8222
8184
8192
8191
8188
8189
8190
8185
8186
8187
8183
8193
8194
8195
8196
8178
8181
8182
8180
8179
8197
8201
8202
8203
8200
8198
8199
8218
8214
8213
8215
8216
8217
8220
8219
8211
8209
8210
8208
8212
8207
8206
8204
8205
8123
8124
8125
8122
8126
8127
8130
8129
8128
8134
8135
8136
8137
8138
8139
8140
8131
8132
8133
8141
8177
8142
8143
8144
8158
8159
8157
8162
8163
8161
8160
8164
8166
8165
8150
8149
8147
8148
8146
8145
8156
8154
8155
8153
8152
8151
8172
8170
8171
8173
8174
8175
8168
8169
8167
8176
8113
8114
8108
8109
8110
8111
8112
8121
8117
8120
8118
8119
8116
8115
8107
8238
8237
8274
8269
8270
8271
8273
8272
8275
8268
8267
8266
8265
8279
8276
8277
8278
8280
8281
8264
8259
8258
8260
8261
8262
8263
8241
8244
8243
8242
8239
8240
8246
8249
8247
8248
8250
8251
8245
8252
8255
8256
8257
8253
8254
8328
8327
8329
8330
8326
8325
8323
8324
8318
8317
8316
8315
8314
8313
8320
8321
8322
8319
8312
8282
8311
8310
8308
8309
8297
8296
8294
8295
8293
8291
8292
8304
8305
8306
8307
8298
8299
8300
8301
8302
8303
8286
8287
8285
8284
8289
8288
8290
8283
8341
8340
8345
8344
8343
8342
8331
8332
8333
8335
8336
8334
8337
8338
8339
8346
8429
8433
8434
8432
8431
8430
8428
8435
8436
8437
8438
8439
8421
8422
8423
8424
8425
8426
8427
8420
8440
8442
8443
8441
8461
8459
8460
8463
8462
8456
8457
8453
8454
8455
8452
8451
8458
8450
8446
8447
8448
8445
8444
8449
8369
8370
8371
8367
8368
8366
8372
8373
8379
8380
8381
8382
8376
8377
8374
8375
8378
8383
8384
8419
8385
8386
8388
8387
8403
8405
8404
8406
8410
8407
8408
8409
8392
8393
8394
8395
8396
8397
8391
8390
8389
8402
8401
8400
8399
8398
8415
8416
8417
8412
8413
8414
8411
8418
8353
8354
8348
8349
8350
8351
8352
8365
8364
8362
8361
8363
8359
8360
8358
8355
8356
8357
8347
8509
8506
8507
8508
8504
8505
8503
8502
8500
8501
8516
8517
8515
8514
8512
8513
8511
8510
8518
8519
8499
8498
8482
8483
8477
8478
8479
8480
8481
8485
8484
8486
8487
8488
8489
8490
8495
8493
8494
8492
8496
8497
8491
8564
8565
8562
8563
8561
8566
8567
8560
8559
8556
8555
8554
8552
8553
8558
8557
8551
8520
8550
8537
8535
8536
8534
8529
8530
8533
8532
8531
8548
8547
8546
8543
8544
8545
8549
8538
8539
8540
8541
8542
8525
8523
8524
8521
8522
8527
8526
8528
8575
8581
8578
8579
8580
8577
8576
8568
8570
8569
8572
8571
8573
8574
8582
8655
8658
8657
8656
8659
8660
8661
8662
8664
8665
8663
8648
8649
8650
8652
8651
8653
8654
8666
8667
8668
8682
8679
8680
8681
8686
8685
8684
8683
8678
8677
8676
8671
8673
8672
8674
8670
8669
8675
8609
8607
8608
8610
8611
8606
8612
8613
8616
8617
8618
8619
8614
8615
8620
8647
8621
8633
8634
8632
8638
8637
8635
8636
8623
8624
8625
8627
8626
8622
8630
8631
8629
8628
8642
8643
8646
8644
8645
8640
8641
8639
8589
8583
8586
8585
8584
8587
8588
8605
8602
8603
8604
8595
8596
8597
8598
8599
8600
8601
8594
8590
8591
8592
8593
8722
8723
8724
8721
8720
8717
8718
8716
8719
8731
8730
8729
8728
8725
8726
8727
8715
8714
8702
8703
8697
8698
8699
8700
8701
8704
8705
8706
8707
8708
8711
8712
8710
8713
8709
8768
8767
8769
8766
8763
8762
8761
8765
8764
8760
8732
8733
8734
8759
8747
8748
8749
8746
8744
8745
8757
8756
8755
8754
8758
8751
8750
8752
8753
8739
8740
8738
8735
8737
8736
8742
8741
8743
8787
8791
8790
8789
8788
8772
8771
8770
8778
8779
8777
8776
8774
8775
8773
8780
8781
8782
8785
8786
8784
8783
8858
8857
8859
8860
8861
8862
8863
8864
8867
8868
8866
8865
8850
8851
8852
8856
8854
8855
8853
8869
8870
8871
8883
8882
8888
8889
8890
8891
8887
8885
8886
8884
8881
8880
8879
8874
8873
8875
8872
8876
8877
8878
8813
8814
8815
8817
8818
8819
8816
8820
8848
8849
8847
8834
8831
8832
8833
8835
8838
8836
8837
8822
8823
8824
8825
8826
8821
8829
8830
8828
8827
8843
8844
8846
8845
8840
8841
8842
8839
8796
8792
8793
8794
8795
8808
8809
8802
8803
8804
8805
8806
8807
8810
8811
8812
8801
8800
8797
8798
8799
8930
8931
8932
8933
8929
8928
8924
8925
8926
8927
8923
8922
8919
8918
8920
8921
8939
8938
8937
8934
8935
8936
8917
8916
8907
8901
8900
8899
8898
8902
8903
8904
8905
8906
8908
8909
8913
8914
8912
8915
8911
8910
8987
8986
8984
8985
8982
8980
8981
8979
8983
8977
8978
8941
8942
8940
8943
8959
8964
8963
8960
8961
8962
8958
8954
8956
8957
8955
8975
8973
8974
8972
8971
8970
8976
8966
8965
8967
8968
8969
8948
8947
8944
8945
8946
8950
8951
8952
8949
8953
9010
9015
9016
9013
9014
9012
9011
8996
8993
8994
8995
9000
8999
8998
8997
8992
8991
8988
8989
8990
9001
9002
9003
9009
9006
9007
9008
9004
9005
9102
9101
9099
9100
9098
9103
9105
9104
9106
9107
9109
9108
9087
9088
9089
9090
9091
9092
9093
9097
9096
9094
9095
9110
9111
9119
9125
9126
9127
9128
9122
9123
9124
9121
9120
9118
9117
9114
9113
9112
9115
9116
9046
9047
9048
9051
9052
9053
9049
9050
9055
9054
9083
9084
9082
9085
9086
9067
9072
9069
9068
9070
9071
9057
9058
9059
9060
9056
9065
9066
9062
9063
9064
9061
9077
9078
9079
9080
9081
9075
9074
9076
9073
9023
9018
9017
9020
9019
9021
9022
9037
9038
9029
9030
9031
9032
9033
9034
9035
9036
9039
9040
9042
9043
9044
9045
9041
9028
9024
9026
9025
9027
9167
9169
9168
9166
9163
9164
9165
9162
9159
9160
9161
9180
9179
9178
9177
9170
9171
9172
9173
9174
9176
9175
9157
9158
9155
9156
9145
9140
9139
9138
9136
9137
9142
9141
9143
9144
9146
9147
9148
9151
9152
9153
9154
9150
9149
9217
9215
9216
9214
9211
9210
9213
9212
9207
9208
9209
9185
9184
9183
9181
9182
9193
9194
9196
9197
9195
9205
9204
9203
9202
9206
9198
9200
9199
9201
9189
9188
9187
9186
9191
9190
9192
9245
9249
9250
9248
9247
9246
9225
9224
9238
9233
9234
9235
9236
9237
9232
9231
9230
9228
9229
9227
9226
9223
9222
9220
9218
9219
9221
9239
9244
9243
9240
9241
9242
9328
9327
9329
9331
9332
9330
9333
9338
9337
9334
9335
9336
9316
9317
9318
9325
9326
9323
9324
9322
9321
9319
9320
9339
9341
9340
9351
9357
9358
9359
9360
9361
9362
9354
9355
9356
9353
9352
9350
9349
9345
9344
9343
9342
9346
9347
9348
9281
9283
9282
9284
9287
9288
9285
9286
9291
9290
9289
9314
9315
9305
9306
9304
9302
9301
9303
9293
9294
9295
9296
9292
9300
9298
9299
9297
9310
9311
9312
9313
9308
9309
9307
9257
9252
9251
9253
9254
9255
9256
9267
9268
9266
9264
9265
9269
9270
9271
9272
9273
9274
9275
9276
9277
9278
9279
9280
9263
9258
9259
9260
9262
9261
9395
9393
9391
9392
9394
9387
9388
9389
9390
9403
9402
9401
9397
9396
9399
9398
9400
9385
9386
9378
9374
9375
9373
9371
9372
9370
9369
9376
9377
9379
9383
9384
9382
9381
9380
9439
9438
9437
9434
9433
9436
9435
9429
9430
9431
9432
9404
9414
9415
9416
9418
9417
9427
9426
9425
9423
9424
9428
9419
9421
9420
9422
9408
9407
9406
9405
9410
9409
9411
9412
9413
9466
9472
9473
9474
9470
9471
9469
9468
9467
9458
9459
9457
9460
9462
9461
9456
9454
9455
9453
9451
9452
9450
9449
9447
9448
9446
9443
9444
9445
9441
9442
9440
9465
9464
9463
9556
9558
9560
9559
9557
9563
9562
9561
9551
9552
9554
9555
9553
9564
9570
9571
9573
9572
9574
9575
9566
9565
9567
9568
9569
9510
9511
9512
9515
9516
9513
9514
9520
9519
9518
9517
9550
9537
9538
9539
9540
9541
9536
9534
9535
9522
9523
9524
9525
9526
9528
9527
9521
9532
9533
9530
9531
9529
9546
9547
9548
9549
9544
9545
9543
9542
9482
9475
9476
9477
9478
9479
9480
9481
9488
9489
9486
9487
9490
9492
9491
9493
9494
9495
9496
9497
9499
9498
9500
9501
9502
9505
9504
9503
9506
9507
9508
9509
9483
9484
9485
9608
9606
9607
9597
9598
9599
9600
9601
9602
9603
9604
9605
9612
9611
9609
9610
9596
9590
9586
9587
9588
9589
9585
9584
9594
9595
9592
9593
9591
9651
9650
9647
9644
9645
9646
9649
9648
9641
9642
9643
9613
9624
9623
9622
9625
9626
9639
9638
9637
9636
9634
9635
9640
9628
9629
9627
9632
9630
9631
9633
9617
9616
9615
9614
9619
9618
9620
9621
9686
9687
9685
9684
9683
9682
9681
9674
9676
9677
9675
9673
9670
9671
9672
9669
9668
9667
9666
9661
9662
9663
9664
9665
9659
9660
9657
9658
9656
9654
9655
9653
9652
9680
9678
9679
9763
9765
9764
9774
9773
9772
9771
9770
9769
9768
9766
9767
9757
9758
9761
9762
9759
9760
9775
9780
9781
9784
9785
9783
9782
9786
9787
9777
9776
9778
9779
9719
9721
9723
9724
9722
9720
9727
9728
9726
9725
9756
9744
9745
9743
9740
9741
9742
9731
9732
9734
9733
9729
9730
9738
9739
9737
9736
9735
9751
9752
9753
9754
9755
9749
9750
9748
9746
9747
9688
9689
9690
9691
9692
9693
9694
9695
9696
9701
9699
9700
9702
9704
9703
9705
9710
9709
9708
9707
9706
9711
9712
9713
9715
9714
9716
9717
9718
9697
9698
9816
9815
9808
9809
9810
9811
9812
9813
9814
9821
9820
9818
9817
9819
9807
9803
9804
9802
9799
9798
9800
9801
9797
9796
9806
9805
9856
9855
9853
9854
9850
9851
9849
9852
9822
9835
9836
9837
9838
9839
9847
9846
9844
9845
9848
9841
9840
9842
9843
9828
9827
9826
9824
9825
9823
9830
9829
9831
9833
9834
9832
9878
9877
9876
9873
9872
9871
9869
9870
9868
9865
9866
9867
9864
9863
9862
9860
9861
9858
9859
9857
9875
9874
9933
9934
9937
9936
9935
9929
9930
9932
9931
9939
9940
9943
9942
9941
9944
9938
9899
9900
9901
9928
9917
9916
9914
9915
9904
9906
9907
9908
9905
9902
9903
9911
9912
9913
9910
9909
9922
9923
9924
9925
9927
9926
9919
9920
9921
9918
9879
9880
9881
9882
9885
9886
9887
9888
9889
9892
9891
9890
9893
9894
9895
9897
9896
9898
9883
9884
9968
9966
9967
9974
9973
9969
9970
9971
9972
9964
9962
9963
9960
9961
9959
9965
9996
9995
9975
9985
9986
9993
9991
9990
9992
9994
9987
9988
9989
9978
9977
9976
9982
9981
9979
9980
9983
9984
10016
10015
10014
10011
10009
10010
10008
10007
10002
10003
10004
10005
10006
10001
10000
9999
9998
9997
10013
10012
10071
10073
10072
10065
10066
10068
10069
10070
10067
10074
10075
10076
10078
10077
10041
10042
10043
10064
10053
10052
10046
10048
10047
10044
10045
10051
10050
10049
10060
10061
10062
10063
10056
10057
10058
10059
10055
10054
10017
10018
10021
10023
10024
10025
10022
10026
10027
10031
10030
10028
10029
10032
10033
10034
10035
10036
10037
10038
10039
10040
10019
10020
10101
10102
10100
10109
10107
10108
10103
10104
10105
10106
10099
10097
10098
10131
10130
10129
10110
10120
10121
10127
10125
10126
10128
10122
10123
10124
10113
10112
10111
10116
10115
10114
10117
10118
10119
10152
10151
10148
10147
10149
10146
10145
10139
10140
10141
10142
10143
10144
10138
10137
10136
10135
10134
10133
10132
10150
10199
10200
10198
10201
10202
10192
10193
10197
10195
10196
10194
10203
10204
10205
10171
10172
10190
10191
10182
10181
10175
10177
10176
10173
10174
10180
10179
10178
10186
10187
10188
10189
10184
10185
10183
10153
10154
10156
10157
10158
10163
10162
10161
10160
10159
10164
10165
10166
10167
10168
10169
10170
10155
10222
10223
10221
10229
10228
10224
10225
10226
10227
10219
10220
10218
10217
10248
10231
10230
10238
10239
10245
10243
10244
10247
10246
10240
10241
10242
10233
10234
10232
10236
10235
10237
10264
10263
10261
10259
10260
10253
10254
10255
10256
10257
10258
10252
10251
10250
10249
10262
10309
10308
10310
10303
10304
10307
10306
10305
10312
10311
10313
10284
10285
10301
10302
10294
10293
10288
10290
10289
10286
10287
10292
10291
10298
10297
10299
10300
10296
10295
10265
10266
10267
10268
10269
10271
10273
10272
10279
10278
10277
10276
10275
10274
10280
10281
10282
10283
10270
10332
10333
10331
10338
10337
10334
10335
10336
10330
10328
10329
10355
10356
10354
10340
10339
10346
10347
10351
10350
10353
10352
10348
10349
10343
10342
10341
10344
10345
10370
10369
10368
10367
10364
10365
10366
10360
10361
10362
10363
10359
10357
10358
10404
10403
10405
10399
10402
10401
10400
10407
10406
10384
10383
10397
10398
10391
10390
10387
10385
10386
10389
10388
10395
10396
10394
10392
10393
10371
10372
10373
10374
10377
10376
10375
10379
10380
10378
10381
10382
10426
10425
10429
10427
10428
10423
10424
10444
10445
10430
10435
10436
10439
10443
10440
10441
10442
10437
10438
10431
10432
10433
10434
10458
10457
10456
10455
10452
10453
10454
10450
10449
10451
10448
10446
10447
10493
10490
10492
10491
10474
10473
10485
10484
10481
10475
10480
10478
10479
10476
10477
10483
10482
10489
10488
10487
10486
10459
10460
10461
10462
10467
10468
10466
10463
10464
10465
10470
10471
10469
10472
10508
10510
10509
10529
10530
10516
10517
10520
10528
10521
10523
10524
10525
10522
10527
10526
10518
10519
10511
10512
10513
10514
10515
10539
10535
10536
10538
10537
10533
10532
10534
10531
10566
10567
10568
10553
10562
10561
10558
10555
10554
10556
10557
10560
10559
10565
10564
10563
10540
10542
10541
10543
10544
10545
10546
10547
10548
10549
10550
10551
10552
10583
10582
10595
10587
10591
10593
10594
10592
10588
10589
10590
10584
10585
10586
10607
10608
10603
10604
10605
10606
10602
10601
10600
10599
10597
10598
10596
10631
10621
10628
10624
10622
10623
10627
10626
10625
10630
10629
10610
10611
10609
10615
10614
10613
10612
10616
10617
10618
10619
10620
10658
10651
10652
10657
10656
10653
10654
10655
10649
10650
10669
10668
10670
10671
10665
10666
10667
10664
10663
10662
10660
10661
10659
10682
10687
10683
10684
10686
10685
10689
10688
10673
10674
10672
10676
10675
10677
10678
10679
10681
10680
10717
10710
10716
10715
10711
10712
10713
10714
10708
10709
10725
10723
10724
10721
10722
10720
10718
10719
10731
10732
10741
10733
10734
10740
10738
10739
10737
10735
10736
10744
10742
10743
10726
10727
10728
10730
10729
10772
10764
10771
10770
10765
10766
10767
10769
10768
10763
10778
10776
10777
10775
10773
10774
10785
10792
10786
10791
10790
10789
10787
10788
10793
10779
10781
10780
10782
10783
10784
10822
10815
10816
10821
10817
10818
10819
10820
10827
10825
10826
10824
10823
10834
10835
10839
10840
10837
10838
10836
10828
10832
10829
10830
10831
10833
10862
10861
10857
10859
10858
10860
10866
10863
10864
10865
10872
10873
10874
10876
10877
10878
10875
10867
10871
10870
10868
10869
10901
10900
10899
10898
10897
10896
10904
10902
10903
10907
10908
10909
10910
10905
10906
10925
10924
10927
10926
10929
10928
10944
10945
10946
10961
10962
10975
10976
10985
10986
10992
10993
