1
2
3
5
4
6
7
9
8
10
11
13
12
14
15
17
16
18
19
20
22
21
23
24
25
27
26
28
29
32
30
31
33
34
36
35
37
38
39
40
41
42
43
44
45
46
47
48
49
50
51
53
52
54
55
56
59
57
58
60
61
62
63
64
65
66
69
67
68
71
70
72
73
74
75
76
77
78
79
80
81
82
83
84
85
86
88
87
89
90
91
92
93
94
95
96
98
97
99
100
101
102
103
104
105
106
107
108
109
110
111
112
113
115
114
116
117
118
119
121
120
122
123
125
124
126
127
128
131
132
130
129
133
134
135
136
140
139
138
137
141
142
143
144
148
149
147
146
145
151
150
152
153
154
155
159
158
157
156
160
161
162
163
164
170
169
168
167
165
166
171
172
173
174
175
176
180
179
178
177
181
182
183
184
185
186
187
193
194
191
192
190
189
188
196
195
197
198
199
200
201
206
207
205
204
203
202
209
208
210
211
212
213
214
215
216
224
225
223
222
221
219
220
218
217
227
226
228
229
230
231
232
234
233
235
236
245
246
244
243
242
241
239
240
238
237
248
249
250
247
251
252
253
254
255
256
257
259
260
258
261
271
272
270
269
268
267
266
265
264
263
262
274
273
275
276
277
278
279
280
281
282
283
284
285
295
296
294
293
292
291
290
289
288
287
286
298
297
299
300
301
302
303
304
305
306
307
315
316
314
313
312
311
310
308
317
318
319
320
321
322
323
325
326
335
334
332
333
331
330
329
327
336
337
339
338
340
341
342
343
344
346
356
355
353
354
352
350
351
349
347
357
358
359
360
361
362
364
372
371
370
369
368
367
365
373
374
375
376
377
379
387
386
385
383
384
382
380
388
389
390
391
392
395
402
403
401
400
399
398
396
405
404
406
407
408
409
410
411
413
421
422
420
419
418
417
416
414
424
423
425
426
427
428
429
431
441
442
440
439
437
438
435
436
434
432
444
443
445
446
447
448
450
451
449
452
454
467
468
469
466
465
464
462
463
461
458
459
460
457
455
472
471
470
473
474
475
476
477
479
478
480
481
482
495
496
497
494
493
492
491
489
490
488
486
487
485
500
499
498
501
502
503
504
506
505
507
508
509
521
522
523
524
525
520
519
518
517
515
516
514
513
512
529
528
527
526
530
531
532
533
535
534
536
537
538
551
552
550
549
547
548
546
545
544
542
543
541
554
555
553
556
557
559
558
560
561
563
562
564
576
575
577
574
573
571
572
570
569
568
567
579
580
578
581
582
584
583
585
586
587
588
599
600
598
597
596
595
594
592
593
591
602
603
601
604
605
606
607
608
609
611
610
612
624
625
623
622
621
620
619
618
617
616
627
626
628
629
630
631
632
633
646
647
644
645
642
643
641
638
639
640
637
636
649
650
648
652
651
653
654
657
658
656
655
659
660
672
673
669
670
671
668
665
666
667
664
663
675
674
676
677
678
681
682
680
679
683
684
695
696
694
693
690
689
691
692
688
687
698
697
699
700
703
702
701
704
705
716
717
718
715
714
710
711
712
713
709
708
720
719
721
722
725
724
723
726
727
739
740
738
737
734
735
736
732
733
730
731
742
741
743
744
748
747
745
746
750
749
760
759
758
753
754
755
756
757
761
762
763
764
767
766
765
775
774
773
770
771
772
776
777
778
781
780
779
789
788
787
784
785
786
790
791
792
795
794
793
802
801
800
798
799
803
804
805
807
808
806
817
816
815
813
811
812
814
818
819
821
823
822
820
831
830
828
826
827
829
832
833
835
837
836
834
845
844
842
840
841
843
846
847
849
850
848
856
855
853
854
857
858
859
861
860
868
867
866
864
865
869
870
871
872
878
877
876
875
879
880
881
882
886
885
887
888
892
891
893
894
898
897
899
900
903
904
907
908
913
914
917
918
921
922
923
925
924
928
929
931
930
934
935
938
939
942
943
946
947
950
951
954
955
958
