1
2
4
3
5
6
8
7
9
10
12
11
13
14
16
15
17
18
19
20
21
22
23
24
25
26
27
28
29
30
31
32
33
34
35
36
37
38
39
40
41
42
43
44
45
46
47
48
49
50
51
52
53
54
55
56
57
58
59
60
61
62
63
64
65
67
66
68
69
70
71
72
73
74
75
76
77
78
79
80
81
82
83
84
85
86
87
88
89
90
91
92
93
94
95
96
97
98
99
100
101
102
104
105
103
108
109
106
107
110
112
114
113
111
117
115
116
118
120
121
123
122
119
129
127
128
124
125
126
130
131
132
135
134
133
141
142
140
136
137
138
139
143
149
146
147
148
145
144
157
158
159
160
161
150
151
154
153
152
155
156
164
165
163
162
174
173
168
169
170
171
172
167
166
185
184
186
187
175
176
177
180
179
178
181
182
183
189
188
200
199
198
192
193
194
195
196
197
191
190
211
212
213
201
202
203
209
207
208
206
205
204
210
216
215
214
225
224
223
218
220
219
221
222
217
235
236
237
238
239
226
227
233
230
231
232
229
228
234
245
243
244
242
241
240
254
253
247
250
249
248
251
252
246
266
269
267
268
270
271
255
256
264
259
260
261
262
263
258
257
265
279
275
277
278
276
273
274
272
291
292
290
281
287
286
283
284
285
282
288
289
280
305
306
310
308
307
309
311
312
313
294
293
302
297
300
299
298
301
296
295
303
304
323
322
318
319
320
321
317
315
316
314
335
336
327
332
329
330
331
328
333
334
325
326
324
353
354
355
360
361
358
359
357
356
362
364
363
365
339
340
337
338
347
348
342
345
344
343
346
341
351
349
350
352
376
375
374
369
371
370
372
373
368
366
367
388
386
387
389
380
384
382
383
381
385
378
379
377
402
403
404
407
408
406
405
409
410
391
392
390
398
394
396
395
397
393
400
399
401
421
420
419
414
413
415
416
417
418
412
411
434
432
433
435
436
437
425
430
428
429
426
427
431
423
424
422
454
455
461
462
463
464
460
459
458
456
457
465
466
441
442
440
439
438
444
446
445
448
447
443
452
449
450
451
453
478
479
480
477
471
470
469
472
473
475
476
474
468
467
492
493
494
495
496
490
486
487
488
489
484
485
491
482
483
481
515
516
517
514
518
522
523
524
521
520
519
525
526
501
500
499
498
497
503
504
505
509
508
506
507
511
510
502
512
513
538
539
537
536
540
531
530
529
532
533
534
535
528
527
553
554
555
556
557
550
551
549
548
545
547
546
543
544
552
542
541
576
575
577
578
574
582
583
584
581
580
579
585
562
561
560
559
558
565
566
564
567
570
568
569
571
563
572
573
595
596
594
593
597
589
588
587
590
591
592
586
609
610
611
606
607
605
602
604
603
601
608
599
600
598
631
630
632
633
627
628
629
637
638
639
640
636
635
634
641
614
613
612
617
616
618
621
619
620
622
615
624
623
625
626
652
653
651
650
656
655
654
645
644
643
646
647
648
649
642
670
671
672
666
667
668
661
662
664
665
663
660
669
658
659
657
696
695
697
698
691
692
693
694
703
704
702
701
699
700
705
676
674
675
673
680
679
678
685
686
684
682
681
683
687
677
689
688
690
717
718
719
716
724
723
721
722
720
708
707
709
710
715
711
712
713
714
706
738
741
742
739
740
743
735
736
732
733
731
734
729
730
737
727
728
725
726
765
766
760
762
761
763
764
775
776
774
773
767
768
772
771
770
769
777
747
746
745
744
750
751
754
753
752
756
755
748
749
757
759
758
790
788
789
796
797
792
793
794
795
791
780
779
781
782
787
783
784
785
786
778
812
813
814
815
816
817
809
806
807
808
804
805
801
802
803
811
810
800
798
799
844
846
845
836
835
842
841
838
839
840
837
843
854
855
856
853
852
847
851
850
849
848
857
822
821
820
819
818
825
824
827
826
830
831
829
828
823
832
834
833
872
869
870
871
878
874
875
876
877
873
861
860
859
862
863
867
868
864
865
866
858
888
889
890
891
892
886
884
885
881
882
883
887
880
879
913
914
916
915
907
911
909
910
908
912
927
928
929
924
925
926
923
918
917
922
920
921
919
930
897
896
895
894
893
899
901
900
904
903
902
898
905
906
950
948
949
956
952
953
954
955
951
934
935
933
932
937
938
936
939
940
946
947
941
943
942
944
945
931
965
966
967
968
969
963
959
960
961
962
964
958
957
991
992
993
983
989
988
985
986
987
984
990
1007
1008
1005
1006
1003
1004
1002
995
994
1001
999
1000
997
998
996
1009
974
972
973
971
970
976
980
979
977
978
975
981
982
1024
1025
1026
1023
1033
1028
1029
1031
1030
1032
1027
1013
1015
1014
1016
1020
1021
1022
1017
1018
1019
1010
1011
1012
1042
1043
1044
1045
1040
1036
1037
1039
1038
1041
1035
1034
1067
1065
1066
1064
1068
1056
1057
1062
1061
1059
1060
1058
1063
1077
1078
1076
1071
1072
1070
1069
1075
1074
1073
1081
1080
1079
1048
1047
1046
1050
1052
1051
1049
1053
1054
1055
1101
1103
1104
1102
1100
1113
1106
1107
1108
1110
1109
1111
1112
1105
1087
1086
1088
1089
1090
1091
1097
1098
1099
1092
1093
1094
1095
1096
1082
1083
1084
1085
1120
1121
1122
1118
1117
1119
1116
1115
1114
1142
1141
1140
1143
1134
1138
1137
1136
1135
1139
1153
1154
1155
1152
1151
1146
1145
1144
1150
1149
1148
1147
1160
1159
1157
1158
1156
1129
1126
1127
1128
1123
1124
1125
1131
1130
1132
1133
1183
1182
1186
1187
1188
1189
1184
1185
1171
1170
1169
1172
1173
1179
1180
1181
1174
1175
1176
1177
1178
1161
1162
1163
1164
1165
1166
1167
1168
1194
1192
1193
1196
1195
1191
1190
1211
1212
1213
1208
1207
1206
1205
1210
1209
1226
1227
1228
1223
1224
1225
1221
1222
1216
1215
1214
1220
1219
1218
1217
1236
1235
1234
1230
1231
1232
1233
1229
1200
1201
1203
1202
1197
1198
1199
1204
1260
1259
1261
1262
1263
1247
1246
1245
1250
1249
1248
1251
1255
1256
1257
1258
1252
1253
1254
1237
1238
1239
1240
1243
1242
1241
1244
1268
1265
1266
1267
1270
1269
1264
1280
1281
1279
1277
1278
1296
1297
1298
1292
1293
1294
1295
1291
1286
1285
1284
1282
1283
1290
1288
1289
1287
1305
1304
1303
1300
1301
1302
1299
1275
1274
1273
1271
1272
1276
1331
1330
1332
1333
1334
1314
1313
1311
1312
1317
1316
1315
1318
1322
1323
1324
1325
1326
1327
1328
1329
1319
1320
1321
1306
1307
1308
1310
1309
1336
1337
1338
1339
1342
1340
1341
1335
1351
1352
1350
1349
1348
1363
1364
1362
1357
1356
1355
1354
1353
1360
1361
1359
1358
1368
1369
1367
1366
1365
1346
1345
1343
1344
1347
1388
1386
1387
1389
1390
1391
1392
1393
1374
1375
1376
1382
1383
1384
1385
1379
1377
1378
1380
1381
1371
1370
1372
1373
1395
1396
1397
1398
1399
1400
1401
1394
1412
1413
1414
1411
1410
1409
1408
1407
1423
1422
1415
1418
1421
1419
1420
1417
1416
1427
1428
1426
1424
1425
1405
1404
1403
1402
1406
1442
1443
1441
1440
1444
1445
1446
1447
1448
1434
1437
1435
1436
1438
1439
1430
1429
1431
1433
1432
1450
1451
1452
1453
1449
1463
1461
1462
1464
1465
1460
1459
1458
1457
1470
1469
1468
1467
1466
1475
1476
1477
1473
1474
1471
1472
1455
1454
1456
1491
1494
1492
1493
1490
1489
1495
1496
1497
1498
1484
1485
1486
1487
1488
1479
1478
1481
1483
1482
1500
1501
1499
1512
1510
1511
1513
1509
1508
1504
1505
1506
1507
1519
1517
1518
1516
1514
1515
1523
1524
1521
1520
1502
1503
1536
1537
1535
1538
1539
1541
1540
1529
1531
1530
1532
1534
1533
1526
1525
1528
1543
1542
1550
1548
1549
1552
1551
1554
1544
1545
1546
1547
1559
1560
1562
1561
1556
1557
1558
1566
1565
1564
1563
1572
1573
1574
1570
1571
1578
1576
1577
1575
1567
1568
1569
1589
1588
1587
1591
1590
1581
1583
1584
1585
1582
1586
1594
1593
1592
1601
1602
1599
1600
1608
1605
1606
1607
1604
1603
1595
1596
1597
1598
1628
1629
1611
1612
1613
1614
1615
1616
1617
1618
1619
1620
1621
1622
1623
1624
1625
1626
1627
1633
1632
1631
1630
1639
1638
1654
1655
1656
1657
1653
1651
1652
1650
1649
1648
1646
1647
1644
1645
1643
1642
1641
1640
1634
1635
1636
1637
1691
1692
1693
1662
1663
1664
1665
1666
1667
1668
1669
1670
1671
1661
1660
1673
1674
1675
1676
1672
1677
1678
1679
1680
1681
1682
1683
1684
1685
1686
1687
1688
1689
1690
1697
1696
1695
1694
1704
1703
1702
1739
1740
1741
1742
1736
1737
1738
1728
1729
1730
1731
1732
1733
1734
1735
1726
1727
1725
1723
1724
1721
1720
1719
1722
1718
1717
1715
1716
1713
1714
1712
1709
1710
1711
1708
1707
1706
1705
1698
1699
1700
1701
1779
1780
1781
1782
1746
1745
1748
1749
1750
1751
1752
1747
1760
1758
1759
1757
1756
1755
1753
1754
1761
1762
1763
1764
1765
1767
1766
1768
1769
1770
1771
1772
1773
1774
1775
1776
1777
1778
1788
1787
1785
1786
1783
1784
1797
1796
1795
1794
1843
1837
1838
1839
1840
1841
1842
1834
1835
1836
1833
1844
1821
1822
1823
1824
1825
1826
1827
1828
1829
1830
1831
1832
1817
1818
1819
1820
1816
1815
1814
1813
1812
1810
1811
1802
1803
1804
1805
1806
1807
1808
1809
1799
1800
1801
1798
1789
1790
1791
1793
1792
1889
1890
1891
1855
1854
1853
1849
1850
1851
1852
1848
1847
1859
1860
1856
1857
1858
1871
1870
1869
1866
1867
1868
1864
1865
1862
1863
1861
1874
1872
1873
1875
1876
1877
1878
1879
1880
1886
1884
1885
1883
1881
1882
1887
1888
1898
1897
1896
1892
1893
1894
1895
1908
1907
1906
1939
1940
1938
1937
1931
1932
1933
1934
1935
1936
1924
1925
1926
1927
1928
1929
1930
1923
1922
1920
1921
1919
1918
1917
1911
1912
1913
1914
1915
1916
1910
1909
1899
1900
1901
1903
1904
1905
1902
1971
1972
1973
1943
1944
1945
1951
1950
1946
1947
1948
1949
1956
1954
1955
1952
1953
1957
1958
1965
1961
1962
1963
1964
1960
1959
1966
1967
1968
1969
1970
1981
1980
1979
1976
1977
1975
1974
1978
1991
1990
1989
2013
2014
2015
2016
2017
2018
2019
2008
2010
2011
2012
2009
2005
2007
2006
2001
2000
1999
2002
2003
2004
1998
1996
1997
1995
1994
1992
1993
1982
1983
1985
1984
1986
1987
1988
2060
2061
2062
2063
2064
2065
2066
2032
2029
2030
2031
2028
2023
2024
2025
2026
2027
2022
2034
2035
2036
2037
2038
2039
2040
2041
2042
2043
2044
2045
2046
2033
2047
2048
2051
2052
2053
2054
2050
2049
2055
2056
2057
2059
2058
2072
2071
2069
2070
2068
2067
2083
2084
2082
2080
2081
2079
2117
2118
2119
2120
2121
2123
2124
2125
2126
2127
2122
2128
2129
2130
2131
2116
2107
2108
2109
2110
2111
2112
2113
2114
2115
2106
2103
2104
2105
2102
2101
2100
2098
2099
2095
2096
2097
2093
2094
2091
2090
2092
2086
2087
2088
2089
2085
2073
2074
2076
2075
2077
2078
2186
2187
2189
2188
2151
2148
2149
2150
2147
2146
2143
2144
2142
2140
2141
2139
2145
2136
2137
2138
2134
2135
2157
2158
2159
2160
2161
2162
2163
2156
2154
2155
2153
2152
2167
2168
2169
2166
2164
2165
2170
2171
2173
2174
2172
2175
2176
2177
2183
2184
2180
2181
2182
2178
2179
2185
2193
2194
2192
2190
2191
2201
2199
2200
2248
2247
2245
2246
2249
2250
2255
2254
2256
2257
2258
2251
2252
2253
2259
2261
2260
2232
2233
2234
2235
2236
2237
2238
2230
2231
2223
2224
2225
2226
2227
2228
2229
2222
2240
2241
2242
2243
2244
2239
2215
2216
2217
2220
2221
2218
2219
2214
2213
2211
2212
2210
2209
2208
2204
2203
2206
2205
2207
2202
2197
2195
2196
2198
2317
2319
2318
2273
2272
2269
2267
2268
2265
2266
2271
2270
2264
2283
2284
2285
2286
2282
2287
2297
2298
2299
2291
2292
2293
2294
2295
2296
2289
2290
2288
2279
2277
2278
2275
2276
2274
2280
2281
2304
2305
2306
2302
2303
2300
2301
2307
2308
2309
2310
2314
2315
2312
2313
2311
2316
2321
2323
2322
2320
2331
2329
2330
2377
2378
2383
2387
2384
2385
2386
2388
2389
2379
2380
2381
2382
2390
2365
2366
2367
2368
2356
2354
2355
2353
2357
2358
2359
2360
2362
2361
2363
2364
2373
2374
2375
2376
2370
2371
2372
2369
2342
2343
2344
2345
2346
2341
2350
2347
2348
2349
2351
2352
2340
2338
2339
2337
2336
2332
2333
2334
2335
2326
2327
2324
2325
2328
2459
2461
2460
2402
2403
2400
2401
2397
2395
2396
2394
2399
2398
2393
2410
2408
2409
2422
2423
2424
2425
2426
2427
2428
2421
2418
2419
2420
2417
2414
2415
2416
2412
2413
2411
2404
2406
2407
2405
2442
2443
2444
2445
2446
2447
2438
2439
2440
2441
2448
2449
2431
2432
2437
2434
2435
2436
2433
2429
2430
2450
2451
2452
2458
2455
2456
2457
2453
2454
2463
2465
2466
2464
2462
2470
2471
2472
2469
2532
2531
2533
2535
2537
2536
2538
2534
2539
2526
2520
2521
2522
2523
2524
2525
2517
2502
2503
2504
2505
2506
2507
2508
2509
2510
2511
2512
2513
2514
2515
2516
2500
2501
2499
2498
2518
2519
2530
2527
2528
2529
2485
2486
2482
2483
2484
2488
2487
2481
2480
2495
2496
2497
2489
2492
2493
2494
2490
2491
2479
2473
2476
2474
2475
2478
2477
2468
2467
2612
2550
2551
2546
2547
2544
2545
2543
2548
2549
2542
2556
2566
2567
2558
2559
2560
2561
2562
2563
2564
2565
2557
2590
2589
2585
2586
2587
2588
2581
2582
2583
2584
2569
2570
2571
2572
2573
2574
2575
2576
2577
2578
2579
2580
2568
2554
2555
2553
2552
2599
2600
2601
2598
2603
2604
2605
2602
2595
2596
2597
2606
2607
2591
2592
2593
2594
2608
2610
2611
2609
2613
2614
2688
2687
2690
2689
2692
2691
2693
2679
2680
2678
2677
2675
2676
2674
2673
2635
2636
2637
2638
2639
2640
2641
2643
2644
2642
2648
2649
2646
2647
2645
2670
2671
2665
2666
2667
2668
2669
2664
2656
2657
2658
2659
2660
2661
2662
2663
2651
2652
2653
2654
2655
2650
2672
2681
2682
2683
2684
2685
2686
2625
2623
2624
2622
2626
2627
2628
2629
2621
2630
2620
2634
2631
2632
2633
2617
2618
2619
2616
2615
2702
2698
2699
2700
2701
2697
2696
2711
2712
2713
2714
2715
2716
2717
2708
2709
2710
2718
2719
2748
2749
2750
2751
2752
2753
2754
2755
2756
2757
2758
2759
2760
2761
2762
2763
2764
2765
2766
2767
2747
2746
2726
2727
2728
2729
2730
2731
2732
2733
2722
2723
2724
2725
2721
2739
2740
2741
2742
2743
2744
2745
2738
2737
2736
2734
2735
2720
2707
2705
2706
2704
2703
2779
2780
2777
2778
2775
2776
2781
2773
2774
2782
2769
2770
2771
2772
2768
2785
2784
2783
2786
2787
2788
2866
2864
2865
2863
2862
2867
2868
2869
2870
2856
2852
2853
2854
2855
2851
2850
2858
2857
2849
2826
2825
2824
2822
2823
2821
2816
2817
2818
2819
2820
2815
2814
2811
2812
2813
2810
2808
2809
2807
2827
2828
2842
2843
2841
2840
2838
2839
2836
2837
2835
2846
2847
2848
2844
2845
2830
2831
2829
2832
2833
2834
2860
2859
2861
2793
2794
2795
2796
2798
2799
2800
2797
2803
2804
2805
2806
2802
2801
2791
2792
2790
2789
2877
2879
2878
2880
2881
2876
2875
2874
2873
2887
2888
2893
2894
2895
2896
2897
2889
2890
2891
2892
2898
2886
2899
2923
2924
2926
2927
2928
2929
2930
2931
2932
2933
2925
2934
2935
2936
2937
2938
2939
2921
2922
2904
2905
2906
2907
2909
2910
2908
2912
2913
2914
2915
2911
2902
2903
2901
2900
2919
2917
2918
2920
2916
2883
2884
2885
2882
2958
2959
2960
2961
2957
2956
2951
2952
2953
2954
2949
2950
2955
2944
2945
2940
2941
2942
2943
2946
2947
2948
2963
2962
2964
2965
3046
3047
3048
3049
3050
3040
3038
3039
3031
3032
3033
3034
3029
3030
3036
3037
3035
3028
3041
3013
3011
3012
3005
3006
3007
3008
3009
3002
3003
3004
3001
3000
2999
2998
3010
2997
2996
2995
3016
3014
3015
3023
3021
3020
3022
3024
3025
3026
3027
3017
3019
3018
3044
3043
3042
3045
2970
2971
2969
2972
2973
2980
2981
2982
2977
2978
2979
2976
2983
2974
2975
2989
2990
2987
2988
2994
2993
2992
2991
2985
2986
2984
2967
2968
2966
3055
3054
3053
3062
3063
3064
3082
3077
3078
3079
3080
3081
3083
3084
3067
3068
3069
3070
3065
3066
3071
3072
3073
3074
3075
3076
3060
3061
3099
3100
3103
3101
3102
3104
3105
3106
3107
3108
3109
3110
3097
3098
3089
3090
3091
3092
3088
3087
3085
3086
3093
3094
3095
3096
3057
3058
3059
3056
3133
3132
3131
3129
3130
3122
3121
3123
3124
3125
3119
3120
3127
3128
3126
3115
3116
3111
3112
3113
3114
3118
3117
3136
3134
3135
3137
3204
3205
3206
3207
3208
3209
3195
3181
3182
3184
3183
3193
3192
3189
3190
3191
3194
3188
3187
3186
3185
3196
3168
3165
3166
3167
3164
3163
3161
3162
3160
3169
3177
3175
3176
3178
3180
3179
3174
3172
3173
3170
3171
3203
3198
3199
3200
3201
3202
3197
3140
3141
3142
3143
3150
3149
3152
3151
3145
3146
3144
3147
3148
3155
3154
3159
3156
3157
3158
3153
3139
3138
3215
3214
3213
3212
3220
3229
3228
3221
3224
3223
3222
3225
3226
3227
3247
3248
3246
3249
3250
3251
3237
3238
3239
3236
3230
3231
3232
3233
3234
3235
3240
3242
3241
3244
3245
3243
3216
3217
3219
3218
3265
3264
3263
3257
3258
3256
3261
3262
3259
3260
3255
3252
3253
3254
3266
3267
3312
3313
3314
3315
3316
3310
3301
3302
3303
3307
3308
3309
3306
3304
3305
3284
3283
3281
3282
3280
3279
3291
3292
3293
3289
3290
3300
3296
3297
3298
3299
3294
3295
3286
3287
3288
3285
3311
3269
3270
3271
3274
3272
3273
3275
3276
3278
3277
3268
3323
3322
3321
3320
3319
3330
3331
3332
3328
3329
3325
3324
3326
3327
3345
3346
3347
3348
3349
3339
3337
3338
3341
3340
3334
3333
3336
3335
3342
3343
3344
3354
3353
3352
3350
3351
3355
3390
3391
3392
3382
3383
3385
3384
3388
3389
3387
3386
3365
3364
3362
3363
3375
3373
3374
3378
3379
3380
3381
3376
3377
3368
3369
3370
3371
3372
3366
3367
3357
3358
3359
3360
3361
3356
3398
3396
3397
3395
3404
3405
3403
3400
3399
3401
3402
3421
3423
3422
3411
3412
3407
3408
3406
3409
3410
3418
3416
3417
3413
3414
3415
3420
3419
3428
3427
3425
3426
3424
3429
3464
3465
3466
3457
3458
3461
3462
3463
3459
3460
3436
3451
3452
3450
3455
3456
3453
3454
3438
3444
3445
3439
3440
3441
3442
3443
3449
3448
3446
3447
3437
3431
3432
3434
3433
3435
3430
3470
3469
3474
3475
3476
3477
3471
3473
3472
3505
3485
3486
3483
3484
3487
3488
3489
3479
3480
3478
3481
3482
3502
3503
3494
3493
3497
3498
3499
3500
3501
3496
3495
3490
3491
3492
3504
3508
3506
3507
3543
3544
3538
3537
3536
3535
3541
3542
3539
3540
3511
3529
3528
3530
3525
3526
3527
3524
3523
3532
3533
3534
3531
3513
3518
3519
3514
3515
3516
3517
3521
3522
3520
3512
3509
3510
3548
3547
3551
3552
3553
3554
3555
3556
3557
3549
3550
3577
3560
3562
3561
3563
3564
3565
3559
3558
3574
3575
3576
3570
3572
3573
3571
3567
3568
3569
3566
3579
3578
3603
3600
3599
3598
3597
3602
3601
3582
3594
3595
3593
3592
3591
3596
3585
3584
3583
3587
3586
3589
3588
3590
3580
3581
3608
3609
3610
3611
3612
3613
3606
3607
3630
3631
3632
3616
3615
3617
3618
3619
3620
3614
3626
3627
3628
3629
3624
3625
3622
3623
3621
3635
3633
3634
3664
3665
3666
3663
3662
3660
3661
3659
3668
3667
3641
3642
3643
3638
3639
3640
3637
3655
3656
3654
3653
3652
3657
3658
3648
3645
3646
3647
3644
3649
3651
3650
3636
3674
3675
3673
3676
3677
3678
3679
3671
3672
3694
3695
3693
3696
3682
3683
3684
3685
3686
3680
3681
3689
3690
3691
3688
3692
3687
3697
3728
3727
3729
3730
3726
3725
3724
3722
3723
3732
3731
3701
3702
3703
3704
3705
3706
3699
3700
3719
3718
3717
3716
3720
3721
3710
3709
3707
3708
3711
3712
3713
3714
3715
3698
3737
3738
3739
3740
3741
3735
3736
3757
3758
3759
3756
3755
3761
3760
3745
3746
3747
3748
3743
3744
3742
3752
3753
3754
3751
3750
3749
3762
3763
3785
3783
3784
3782
3786
3787
3768
3769
3766
3767
3778
3777
3773
3774
3775
3776
3780
3779
3781
3772
3771
3770
3764
3765
3792
3795
3793
3794
3796
3797
3798
3799
3791
3790
3821
3820
3822
3807
3808
3809
3816
3815
3813
3814
3810
3811
3812
3801
3802
3803
3804
3805
3806
3800
3817
3818
3819
3824
3825
3823
3855
3852
3854
3853
3851
3856
3830
3831
3832
3833
3829
3841
3842
3843
3839
3840
3835
3836
3837
3838
3850
3844
3845
3846
3847
3848
3849
3834
3827
3826
3828
3860
3861
3862
3863
3859
3879
3880
3878
3877
3875
3876
3868
3869
3870
3871
3872
3873
3867
3866
3865
3864
3874
3881
3903
3904
3905
3900
3901
3902
3899
3906
3882
3883
3884
3885
3886
3896
3895
3894
3890
3891
3892
3893
3887
3888
3889
3897
3898
3913
3912
3911
3914
3915
3909
3910
3931
3932
3930
3929
3928
3919
3920
3923
3924
3925
3921
3922
3927
3926
3918
3916
3917
3945
3946
3947
3943
3944
3949
3948
3933
3934
3935
3936
3937
3938
3940
3941
3942
3939
3958
3959
3960
3955
3956
3957
3963
3961
3962
3952
3953
3954
3979
3977
3978
3975
3976
3973
3974
3971
3972
3969
3970
3966
3967
3965
3964
3968
4008
4003
4004
4005
4006
4007
4002
4010
4011
4009
3997
4001
3998
3999
4000
4014
4013
4012
3980
3982
3981
3985
3986
3987
3983
3984
3988
3990
3989
3991
3993
3994
3995
3996
3992
4022
4029
4027
4028
4025
4026
4023
4024
4020
4021
4030
4031
4017
4018
4019
4051
4048
4044
4045
4046
4047
4042
4043
4050
4049
4037
4038
4039
4040
4041
4035
4033
4034
4032
4036
4074
4075
4076
4066
4067
4069
4068
4071
4070
4073
4072
4078
4077
4082
4083
4084
4080
4081
4079
4055
4058
4057
4056
4052
4053
4054
4062
4061
4059
4060
4063
4064
4065
4096
4095
4103
4098
4099
4100
4101
4102
4097
4093
4094
4089
4088
4087
4090
4091
4092
4111
4105
4106
4107
4108
4109
4110
4112
4104
4130
4124
4128
4129
4125
4126
4127
4131
4132
4133
4134
4136
4137
4135
4113
4114
4121
4119
4120
4118
4117
4116
4115
4122
4123
4146
4150
4147
4149
4148
4145
4144
4141
4140
4142
4143
4158
4159
4153
4155
4154
4156
4157
4151
4152
4167
4168
4169
4170
4171
4172
4174
4175
4173
4161
4162
4160
4165
4164
4163
4166
4187
4183
4184
4185
4186
4182
4179
4178
4180
4181
4192
4188
4189
4190
4191
4198
4202
4201
4200
4199
4203
4207
4205
4206
4204
4193
4197
4196
4194
4195
4221
4218
4219
4220
4217
4210
4212
4211
4213
4214
4215
4216
4223
4224
4222
4227
4229
4230
4228
4231
4242
4239
4240
4241
4237
4238
4234
4235
4236
4232
4233
4225
4226
4256
4253
4254
4255
4252
4245
4248
4247
4246
4249
4251
4250
4259
4257
4258
4261
4266
4264
4265
4262
4263
4267
4268
4278
4271
4272
4273
4274
4275
4276
4277
4269
4270
4260
4294
4291
4292
4293
4290
4288
4289
4281
4286
4285
4284
4283
4282
4287
4295
4296
4297
4301
4306
4302
4303
4304
4305
4309
4307
4308
4317
4311
4312
4313
4314
4315
4316
4310
4300
4299
4298
4336
4326
4327
4333
4334
4335
4332
4329
4330
4331
4328
4323
4324
4325
4320
4321
4322
4337
4345
4339
4338
4340
4343
4344
4342
4341
4347
4346
4349
4348
4366
4359
4365
4364
4362
4360
4361
4363
4358
4352
4353
4354
4355
4356
4357
4367
4376
4377
4368
4369
4370
4372
4373
4374
4375
4371
4378
4383
4381
4382
4380
4379
4402
4393
4392
4401
4400
4399
4397
4398
4396
4394
4395
4391
4386
4387
4388
4389
4390
4403
4413
4404
4405
4406
4410
4407
4408
4409
4411
4412
4414
4420
4418
4419
4417
4416
4415
4441
4429
4430
4431
4440
4439
4438
4435
4437
4436
4433
4434
4432
4428
4423
4426
4424
4425
4427
4442
4454
4451
4452
4453
4443
4444
4447
4445
4446
4449
4448
4450
4455
4456
4461
4458
4459
4460
4457
4480
4471
4472
4479
4478
4477
4475
4476
4473
4474
4468
4469
4470
4464
4467
4466
4465
4481
4488
4487
4482
4483
4484
4486
4485
4490
4489
4491
4492
4508
4502
4503
4507
4506
4505
4504
4499
4500
4501
4498
4495
4496
4497
4509
4515
4514
4510
4511
4512
4513
4518
4519
4520
4517
4516
4521
4523
4522
4541
4535
4536
4540
4539
4537
4538
4530
4531
4529
4532
4533
4534
4528
4526
4527
4542
4550
4551
4549
4543
4544
4545
4547
4548
4546
4557
4556
4558
4559
4554
4555
4553
4552
4560
4562
4561
4582
4574
4575
4576
4581
4579
4580
4578
4577
4569
4570
4571
4572
4573
4568
4565
4566
4567
4583
4590
4589
4584
4585
4586
4587
4588
4593
4594
4595
4592
4591
4596
4599
4598
4597
4620
4611
4612
4619
4618
4616
4617
4613
4614
4615
4608
4609
4607
4606
4610
4605
4602
4603
4604
4621
4630
4629
4622
4623
4626
4624
4625
4628
4627
4632
4633
4634
4635
4631
4638
4637
4636
4654
4647
4648
4652
4653
4651
4649
4650
4646
4645
4644
4641
4642
4643
4655
4663
4664
4657
4658
4659
4656
4660
4661
4662
4665
4666
4667
4670
4669
4668
4687
4678
4685
4684
4683
4686
4681
4682
4679
4680
4677
4673
4674
4675
4676
4688
4693
4689
4690
4692
4691
4694
4700
4701
4696
4697
4698
4699
4695
4712
4708
4711
4709
4710
4707
4704
4706
4705
4713
4718
4714
4717
4715
4716
4721
4719
4720
4734
4729
4733
4730
4732
4731
4724
4725
4726
4728
4727
4735
4740
4736
4739
4737
4738
4746
4745
4743
4744
4741
4742
4757
4752
4756
4753
4754
4755
4749
4750
4751
4758
4763
4759
4762
4761
4760
4766
4767
4768
4769
4764
4765
4777
4775
4776
4772
4773
4774
4778
4780
4779
4782
4781
4787
4786
4785
4788
4789
4790
4795
4794
4793
4796
4797
4798
4803
4802
4801
4804
4805
4806
4810
4809
4811
4812
4816
4815
4817
4818
