2296
2390
2391
2411
2495
2514
2515
2516
2623
2624
2625
2643
2644
2642
2763
2764
2765
2766
2767
2768
2769
2770
2771
2772
2773
2774
2775
2776
2777
2778
2760
2761
2762
2810
2811
2807
2808
2809
2800
2801
2802
2803
2804
2805
2806
2798
2799
2797
2796
2795
2794
2793
2813
2812
2948
2947
2951
2950
2949
2954
2955
2956
2957
2958
2953
2952
2959
2960
2961
2962
2963
2964
2965
2946
2985
2986
2981
2982
2983
2980
2979
2984
2978
2977
2976
2975
2974
2972
2973
2987
3128
3130
3131
3132
3133
3134
3135
3136
3137
3138
3139
3140
3141
3142
3143
3144
3145
3129
3146
3147
3148
3149
3150
3151
3152
3153
3127
3182
3180
3181
3179
3178
3177
3168
3169
3170
3171
3172
3173
3174
3175
3176
3165
3166
3167
3164
3183
3163
3162
3161
3160
3338
3339
3347
3346
3345
3341
3342
3343
3344
3340
3349
3348
3336
3337
3350
3351
3352
3353
3354
3355
3356
3357
3383
3381
3382
3370
3371
3380
3372
3373
3374
3375
3376
3377
3378
3379
3384
3385
3369
3368
3367
3366
3365
3556
3569
3570
3568
3561
3562
3563
3564
3565
3566
3567
3560
3559
3557
3558
3555
3554
3571
3572
3573
3574
3599
3600
3601
3582
3581
3583
3594
3593
3592
3584
3585
3586
3587
3588
3589
3590
3591
3595
3596
3597
3598
3602
3580
3777
3805
3806
3782
3783
3784
3785
3804
3799
3800
3801
3802
3803
3788
3789
3790
3791
3792
3793
3794
3795
3796
3797
3798
3787
3786
3781
3780
3778
3779
3776
3807
3845
3816
3817
3842
3840
3841
3839
3838
3823
3824
3822
3819
3820
3821
3818
3833
3834
3835
3836
3832
3830
3831
3827
3828
3829
3826
3825
3837
3843
3844
3846
3814
3815
4048
4080
4081
4051
4052
4053
4054
4076
4075
4077
4079
4078
4061
4062
4063
4064
4065
4066
4067
4060
4059
4057
4058
4068
4069
4070
4071
4072
4073
4074
4055
4056
4050
4049
4082
4123
4091
4090
4121
4120
4119
4095
4096
4093
4094
4092
4113
4111
4112
4109
4110
4108
4106
4107
4114
4115
4103
4104
4105
4102
4101
4100
4097
4098
4099
4118
4116
4117
4122
4352
4320
4321
4322
4323
4347
4346
4349
4350
4348
4351
4329
4330
4331
4332
4334
4335
4336
4337
4333
4326
4327
4328
4325
4340
4341
4339
4338
4342
4343
4345
4344
4324
4319
4361
4362
4363
4401
4400
4399
4366
4367
4368
4369
4364
4365
4389
4388
4387
4386
4382
4383
4384
4381
4380
4379
4385
4390
4377
4378
4376
4374
4375
4370
4371
4372
4373
4391
4392
4393
4394
4395
4396
4397
4398
4402
4632
4633
4631
4629
4630
4593
4594
4595
4596
4628
4601
4602
4611
4612
4610
4604
4605
4606
4607
4608
4609
4613
4614
4615
4603
4599
4600
4616
4617
4618
4619
4620
4627
4626
4621
4622
4623
4624
4625
4598
4597
4592
4643
4644
4646
4645
4678
4677
4676
4670
4671
4672
4658
4659
4669
4663
4664
4665
4666
4667
4668
4662
4660
4661
4657
4654
4655
4656
4653
4674
4673
4652
4651
4647
4650
4649
4648
4675
4679
4680
4882
4881
4856
4855
4870
4869
4857
4865
4866
4864
4863
4858
4859
4860
4861
4862
4867
4868
4871
4873
4874
4872
4854
4875
4876
4877
4878
4879
4880
4852
4853
4890
4891
4902
4907
4917
4909
4910
4911
4912
4913
4914
4915
4916
4908
4904
4905
4906
4903
4901
4898
4899
4895
4896
4897
4900
4918
4894
4893
4892
4919
4920
5104
5096
5097
5092
5089
5090
5091
5083
5084
5085
5086
5087
5088
5081
5082
5080
5079
5093
5095
5094
5100
5101
5098
5099
5102
5103
5078
5113
5121
5120
5124
5125
5128
5127
5126
5132
5133
5134
5135
5131
5129
5130
5136
5137
5123
5122
5116
5119
5117
5118
5114
5115
5138
5305
5306
5301
5300
5298
5299
5295
5294
5296
5297
5291
5292
5293
5290
5302
5303
5304
5307
5309
5308
5288
5289
5322
5327
5328
5329
5331
5332
5333
5330
5334
5335
5326
5323
5324
5325
5321
5319
5320
5336
5475
5471
5470
5469
5464
5465
5466
5467
5468
5462
5463
5474
5472
5473
5476
5478
5479
5477
5461
5498
5500
5502
5501
5505
5506
5507
5503
5504
5499
5496
5497
5508
5509
5656
5654
5655
5653
5657
5673
5672
5671
5805
5806
5807
5808
5809
5810
5811
5812
5826
5827
5824
5825
5823
5821
5822
5820
5979
5978
5983
5980
5981
5982
5985
5984
5986
5999
5998
5996
5997
6126
6127
6131
6128
6129
6130
6145
6144
6139
6140
6143
6141
6142
6245
6246
6247
6248
6249
6253
6338
6339
6342
6343
6424
6422
6423
6427
6428
6429
6518
6519
6520
6517
6516
6521
6522
6523
6613
6614
6615
6681
6682
6684
6683
6736
6737
6787
6788
6790
6789
6829
6830
6831
6860
6861
6885
6886
6887
6888
6910
6911
6912
6937
6938
6939
6970
6971
6972
6989
6990
7009
7010
7027
7028
7055
7056
7077
7078
7093
7094
7095
7115
7116
7136
7137
7138
7156
7157
7175
7176
7195
7196
7197
7220
7219
7221
7222
7244
7243
7245
7246
7265
7264
7266
7267
7288
7289
7321
7322
7323
7359
7358
7360
7361
7405
7404
7406
7407
7443
7442
7444
7445
7475
7474
7476
7477
7505
7504
7506
7507
7533
7532
7534
7535
7554
7553
7555
7556
7573
7572
7574
7575
7591
7590
7592
7593
7600
7599
7601
7602
7609
7610
7608
7612
7611
7613
7619
7620
7625
7626
7629
7630
7631
7632
7633
7634
7635
7636
7637
7638
7639
7640
7641
7642
7643
7644
7645
7646
7647
7648
7649
7650
7651
7652
7653
7654
7655
7656
7657
7658
7659
7660
7661
7662
7663
7664
7665
7666
7667
7668
7669
7670
7671
7672
7673
7674
7675
7676
7677
7678
7679
7680
7681
7682
7683
7684
7685
7686
7687
7688
7689
7690
7691
7692
7693
7694
7695
7696
7697
7698
7699
7700
7701
7702
7703
7704
7705
7706
7707
7708
7709
7710
7711
7712
7713
7714
7715
7716
7717
7718
7719
7720
7721
7722
7723
7724
7725
7727
7726
7728
7729
7730
7731
7732
7733
7734
7735
7736
7737
7738
7739
7740
7741
7742
7743
7744
7745
7746
7747
7748
7749
7750
7751
7752
7753
7754
7755
7756
7757
7758
7759
7760
7761
7762
7763
7764
7765
7766
7767
7768
7769
7770
7771
7772
7773
7774
7775
7776
7777
7778
7779
7780
7781
7782
7783
7784
7785
7786
7787
7788
7789
7790
7791
7792
7793
7794
7795
7796
7797
7798
7799
7800
7801
7802
7803
7804
7805
7806
7807
7808
7809
7810
7811
7812
7813
7814
7815
7816
7817
7818
7819
7821
7820
7822
7823
7824
7825
7826
7827
7828
7829
7830
7831
7832
7833
7835
7834
7836
7837
7838
7839
7840
7841
7842
7843
7844
7845
7846
7847
7848
7849
7850
7851
7852
7853
7854
7855
7856
7857
7858
7859
7860
7861
7862
7863
7864
7865
7866
7867
7868
7869
7870
7871
7872
7873
7874
7875
7876
7877
7878
7879
7880
7881
7882
7883
7884
7885
7886
7887
7888
7889
7890
7891
7892
7893
7894
7896
7895
7897
7898
7899
7900
7901
7902
7903
7904
7905
7906
7907
7908
7909
7910
7911
7912
7913
7914
7915
7916
7917
7919
7918
7920
7921
7923
7922
7924
7925
7926
7927
7930
7931
7929
7928
7932
7933
7934
7935
7936
7937
7938
7939
7941
7940
7942
7943
7944
7945
7946
7947
7950
7951
7948
7949
7952
7953
7954
7955
7957
7958
7959
7960
7956
7965
7966
7967
7961
7962
7963
7964
7969
7968
7970
7971
7976
7973
7974
7975
7972
7977
7978
7981
7982
7983
7984
7979
7980
7991
7990
7986
7985
7989
7987
7988
7992
7998
7999
8000
7993
7994
7995
7996
7997
8008
8001
8002
8007
8006
8005
8004
8003
8009
8010
8017
8011
8012
8013
8014
8015
8016
8030
8031
8028
8029
8018
8019
8020
8025
8026
8027
8024
8023
8021
8022
8032
8033
8035
8034
8046
8047
8043
8044
8045
8037
8036
8038
8039
8040
8041
8042
8065
8066
8064
8063
8049
8050
8051
8052
8053
8054
8048
8056
8055
8061
8062
8060
8059
8058
8057
8068
8067
8081
8082
8083
8080
8077
8078
8079
8076
8075
8073
8074
8070
8069
8071
8072
8098
8099
8084
8085
8086
8087
8088
8089
8090
8091
8093
8094
8092
8097
8096
8095
8101
8102
8100
8120
8113
8114
8115
8116
8117
8118
8119
8112
8111
8110
8108
8109
8107
8106
8103
8104
8105
8136
8137
8138
8122
8123
8124
8125
8126
8127
8121
8128
8129
8130
8134
8135
8133
8131
8132
8140
8139
8152
8153
8151
8150
8149
8154
8155
8148
8147
8142
8141
8143
8145
8146
8144
8168
8169
8170
8171
8159
8158
8160
8161
8162
8163
8157
8156
8164
8167
8165
8166
8175
8176
8174
8173
8172
8192
8193
8188
8189
8190
8191
8183
8184
8185
8186
8187
8182
8181
8177
8180
8178
8179
8213
8212
8214
8195
8196
8194
8197
8198
8199
8201
8202
8200
8203
8204
8205
8206
8207
8211
8208
8209
8210
8215
8233
8234
8235
8232
8236
8228
8229
8230
8231
8226
8224
8225
8227
8222
8223
8220
8221
8218
8219
8216
8217
8265
8266
8240
8239
8241
8242
8243
8237
8238
8247
8248
8249
8244
8245
8246
8252
8256
8257
8258
8253
8254
8255
8250
8251
8259
8260
8261
8262
8264
8263
8269
8267
8268
8299
8298
8296
8297
8301
8302
8300
8290
8291
8292
8289
8293
8294
8295
8286
8281
8282
8283
8284
8285
8280
8277
8278
8279
8288
8287
8276
8275
8273
8274
8270
8271
8272
8334
8335
8305
8306
8307
8303
8304
8314
8312
8313
8311
8309
8310
8308
8316
8321
8322
8318
8319
8320
8317
8325
8326
8327
8324
8323
8315
8328
8330
8329
8333
8332
8331
8337
8338
8336
8374
8373
8376
8375
8366
8367
8368
8369
8370
8371
8372
8362
8354
8355
8353
8358
8359
8357
8356
8360
8361
8348
8349
8350
8351
8347
8352
8363
8364
8365
8344
8345
8346
8342
8343
8339
8340
8341
8418
8419
8416
8417
8379
8380
8377
8378
8385
8386
8382
8383
8384
8381
8393
8391
8392
8388
8389
8390
8387
8400
8401
8402
8398
8399
8397
8396
8403
8404
8394
8395
8407
8408
8409
8410
8406
8405
8412
8411
8414
8415
8413
8422
8420
8421
8463
8461
8462
8465
8464
8455
8453
8454
8457
8456
8458
8459
8460
8445
8446
8447
8448
8449
8450
8452
8451
8441
8442
8439
8440
8443
8438
8436
8437
8444
8434
8433
8432
8435
8428
8429
8430
8431
8425
8423
8424
8426
8427
8508
8467
8469
8468
8466
8475
8476
8477
8478
8479
8480
8471
8472
8473
8474
8470
8486
8487
8485
8484
8481
8482
8483
8489
8490
8491
8492
8493
8494
8495
8496
8497
8488
8498
8499
8500
8501
8504
8505
8506
8507
8502
8503
8509
8549
8545
8546
8547
8548
8537
8536
8534
8535
8541
8542
8540
8539
8538
8543
8544
8527
8525
8526
8528
8529
8533
8530
8531
8532
8522
8523
8521
8519
8520
8518
8517
8516
8524
8514
8515
8513
8511
8510
8512
8550
8554
8555
8552
8553
8551
8563
8564
8565
8566
8567
8569
8570
8568
8558
8559
8556
8557
8560
8561
8562
8575
8574
8571
8573
8572
8577
8576
8578
8580
8579
8581
8582
8585
8583
8584
8624
8621
8618
8619
8620
8622
8623
8610
8611
8612
8613
8614
8609
8607
8608
8606
8605
8601
8600
8602
8603
8604
8617
8616
8615
8597
8598
8599
8596
8595
8591
8592
8593
8594
8590
8586
8588
8589
8587
8627
8628
8629
8626
8625
8636
8637
8638
8635
8639
8640
8641
8642
8643
8644
8645
8650
8648
8649
8646
8647
8630
8631
8632
8633
8634
8657
8658
8659
8654
8655
8656
8651
8652
8653
8660
8661
8663
8662
8664
8670
8671
8665
8666
8667
8668
8669
8719
8718
8717
8720
8721
8710
8709
8711
8712
8708
8707
8706
8705
8704
8702
8696
8697
8698
8699
8700
8701
8703
8715
8716
8714
8713
8685
8686
8687
8688
8689
8684
8683
8692
8693
8691
8690
8695
8694
8680
8681
8682
8677
8678
8679
8675
8676
8672
8674
8673
8724
8722
8723
8731
8732
8733
8734
8730
8729
8735
8736
8737
8738
8744
8743
8742
8741
8740
8739
8725
8726
8727
8728
8750
8751
8752
8749
8753
8747
8748
8745
8746
8755
8756
8754
8758
8757
8759
8760
8761
8765
8762
8763
8764
8809
8810
8799
8798
8800
8797
8796
8795
8788
8789
8790
8791
8792
8793
8794
8806
8807
8808
8804
8805
8802
8803
8801
8779
8780
8778
8782
8783
8784
8785
8781
8786
8787
8777
8776
8774
8775
8773
8772
8770
8771
8766
8767
8769
8768
8812
8811
8827
8828
8829
8830
8831
8832
8833
8834
8835
8838
8839
8837
8836
8814
8815
8816
8813
8822
8817
8818
8819
8820
8821
8823
8824
8825
8826
8845
8844
8846
8843
8841
8842
8840
8847
8848
8850
8851
8852
8849
8853
8854
8857
8856
8855
8895
8896
8897
8898
8879
8878
8877
8876
8875
8874
8873
8893
8894
8892
8887
8890
8891
8889
8888
8883
8884
8885
8886
8882
8880
8881
8864
8865
8862
8863
8866
8867
8868
8869
8870
8871
8872
8861
8860
8859
8858
8901
8900
8899
8928
8929
8930
8931
8932
8933
8934
8935
8936
8907
8902
8903
8904
8905
8906
8908
8909
8916
8914
8910
8911
8912
8913
8915
8922
8918
8919
8920
8921
8917
8923
8924
8925
8926
8927
8944
8945
8946
8943
8940
8941
8942
8939
8938
8937
8947
8948
8949
9001
9002
8971
8970
8969
8967
8968
8966
8964
8965
8963
8995
8999
9000
8998
8997
8996
8994
8986
8987
8991
8992
8993
8988
8989
8990
8978
8983
8984
8982
8981
8979
8980
8985
8975
8976
8977
8974
8973
8972
8952
8953
8954
8955
8957
8956
8958
8959
8960
8961
8962
8951
8950
9003
9004
9022
9023
9024
9025
9026
9027
9028
9029
9030
9006
9005
9007
9012
9010
9008
9009
9011
9014
9015
9016
9018
9017
9013
9020
9019
9021
9034
9035
9033
9031
9032
9036
9037
9038
9079
9080
9081
9078
9057
9058
9054
9055
9056
9053
9052
9051
9049
9050
9074
9075
9076
9077
9073
9071
9072
9067
9066
9064
9065
9068
9069
9070
9060
9061
9062
9063
9059
9043
9044
9045
9046
9041
9042
9047
9048
9040
9039
9083
9084
9082
9098
9100
9099
9101
9102
9088
9087
9085
9086
9089
9091
9090
9093
9094
9092
9096
9095
9097
9107
9108
9106
9104
9105
9103
9109
9110
9111
9112
9156
9157
9130
9129
9128
9125
9126
9127
9151
9152
9153
9154
9155
9149
9150
9143
9144
9145
9146
9147
9148
9139
9140
9135
9136
9137
9138
9141
9142
9132
9133
9134
9131
9117
9118
9119
9120
9116
9122
9123
9121
9124
9115
9114
9113
9159
9160
9158
9184
9185
9186
9189
9188
9187
9165
9166
9164
9162
9163
9161
9168
9169
9167
9174
9175
9173
9172
9171
9170
9178
9177
9176
9181
9182
9180
9179
9183
9195
9196
9194
9197
9192
9191
9193
9190
9198
9199
9239
9240
9241
9242
9243
9212
9211
9210
9208
9209
9234
9235
9237
9238
9236
9231
9232
9233
9223
9222
9224
9225
9226
9227
9228
9229
9230
9219
9220
9221
9217
9215
9216
9218
9213
9214
9204
9202
9203
9205
9206
9207
9201
9200
9246
9247
9245
9244
9266
9267
9268
9270
9269
9251
9250
9249
9248
9252
9253
9254
9259
9258
9256
9257
9255
9261
9260
9262
9263
9265
9264
9275
9276
9277
9274
9272
9273
9271
9278
9279
9280
9317
9318
9319
9296
9295
9294
9293
9314
9315
9316
9313
9311
9312
9303
9304
9305
9306
9307
9308
9309
9310
9301
9302
9300
9299
9297
9298
9284
9283
9285
9286
9287
9288
9289
9290
9291
9292
9282
9281
9321
9320
9342
9343
9344
9345
9322
9323
9324
9325
9331
9329
9330
9328
9327
9326
9333
9334
9335
9332
9336
9337
9338
9341
9339
9340
9356
9357
9355
9353
9354
9352
9350
9351
9349
9348
9347
9346
9358
9359
9360
9361
9392
9393
9394
9374
9373
9372
9391
9390
9388
9389
9385
9386
9387
9383
9381
9382
9384
9379
9380
9378
9375
9377
9376
9365
9364
9366
9367
9368
9369
9370
9371
9363
9362
9396
9397
9395
9417
9418
9419
9398
9399
9400
9401
9402
9403
9405
9406
9407
9408
9409
9404
9411
9410
9412
9416
9413
9414
9415
9427
9428
9429
9430
9425
9426
9423
9424
9422
9421
9420
9467
9468
9469
9470
9447
9446
9444
9445
9465
9466
9464
9463
9462
9460
9461
9455
9456
9457
9454
9458
9459
9451
9452
9453
9448
9450
9449
9433
9434
9435
9432
9431
9437
9436
9439
9438
9440
9441
9442
9443
9474
9473
9472
9471
9490
9491
9492
9493
9476
9475
9477
9478
9480
9479
9483
9484
9482
9481
9487
9485
9486
9489
9488
9504
9503
9505
9502
9501
9500
9496
9497
9498
9499
9495
9494
9539
9540
9521
9522
9518
9519
9520
9537
9538
9536
9535
9533
9534
9530
9531
9532
9528
9529
9523
9524
9525
9526
9527
9507
9508
9506
9509
9510
9511
9512
9513
9515
9516
9514
9517
9541
9557
9556
9558
9542
9543
9544
9545
9547
9546
9548
9550
9551
9549
9555
9554
9552
9553
9574
9575
9576
9573
9572
9568
9569
9570
9571
9567
9563
9561
9562
9564
9565
9566
9559
9560
9617
9598
9599
9600
9616
9613
9614
9615
9612
9611
9610
9609
9607
9604
9605
9606
9608
9601
9602
9603
9581
9579
9580
9577
9578
9582
9583
9584
9585
9586
9587
9591
9592
9590
9588
9589
9593
9596
9594
9595
9597
9618
9619
9642
9641
9639
9640
9620
9623
9624
9621
9622
9625
9626
9627
9628
9631
9633
9632
9629
9630
9637
9638
9636
9634
9635
9655
9656
9657
9653
9654
9651
9652
9650
9648
9646
9647
9649
9644
9645
9643
9700
9670
9671
9673
9674
9672
9699
9696
9695
9698
9697
9694
9693
9691
9692
9685
9686
9687
9684
9690
9688
9689
9676
9675
9677
9678
9679
9680
9681
9682
9683
9661
9660
9658
9659
9663
9662
9665
9664
9666
9668
9667
9669
9701
9702
9726
9725
9721
9722
9723
9724
9707
9703
9704
9705
9706
9708
9709
9717
9715
9716
9718
9714
9710
9711
9712
9713
9720
9719
9736
9737
9739
9738
9734
9735
9733
9731
9732
9728
9729
9730
9727
9784
9781
9782
9783
9754
9755
9759
9760
9758
9757
9756
9772
9773
9774
9775
9776
9777
9778
9780
9779
9764
9765
9763
9766
9770
9771
9767
9768
9769
9761
9762
9745
9744
9740
9741
9742
9743
9746
9747
9748
9749
9750
9751
9753
9752
9786
9785
9807
9806
9801
9802
9803
9804
9805
9796
9793
9794
9795
9792
9791
9788
9789
9790
9787
9799
9798
9797
9800
9813
9816
9817
9814
9815
9812
9811
9808
9809
9810
9848
9826
9827
9828
9832
9831
9830
9829
9838
9839
9840
9842
9843
9841
9844
9845
9846
9847
9834
9835
9836
9837
9833
9821
9818
9820
9819
9822
9823
9825
9824
9864
9862
9863
9856
9854
9855
9853
9852
9849
9850
9851
9858
9859
9857
9860
9861
9869
9873
9870
9871
9872
9868
9867
9865
9866
9887
9893
9894
9895
9896
9897
9899
9898
9889
9890
9891
9892
9888
9880
9874
9875
9878
9879
9877
9876
9881
9882
9884
9885
9886
9883
9919
9905
9904
9903
9902
9900
9901
9911
9907
9908
9909
9910
9906
9912
9913
9914
9915
9916
9917
9918
9931
9932
9930
9928
9925
9926
9927
9929
9924
9922
9923
9921
9920
9944
9956
9957
9958
9959
9960
9951
9955
9954
9952
9953
9950
9947
9948
9949
9946
9945
9933
9934
9935
9937
9936
9938
9940
9941
9939
9942
9943
9975
9966
9965
9964
9961
9962
9963
9967
9968
9969
9971
9970
9972
9973
9974
9984
9982
9983
9981
9979
9978
9980
9977
9976
9993
10002
10003
10004
10005
10006
10001
10000
9999
9997
9998
9996
9995
9994
9986
9985
9987
9988
9991
9989
9990
9992
10011
10012
10010
10009
10008
10007
10013
10014
10015
10017
10018
10016
10019
10020
10021
10027
10028
10029
10030
10026
10023
10024
10025
10022
10050
10051
10052
10053
10054
10049
10048
10047
10044
10045
10043
10046
10042
10041
10033
10032
10031
10034
10038
10039
10037
10035
10036
10040
10061
10060
10059
10057
10058
10055
10056
10062
10063
10064
10065
10066
10067
10068
10077
10078
10079
10080
10076
10070
10071
10072
10073
10074
10075
10069
10099
10100
10101
10102
10103
10104
10105
10098
10096
10097
10095
10093
10094
10083
10084
10082
10081
10090
10091
10089
10088
10087
10085
10086
10092
10110
10111
10109
10108
10107
10106
10112
10113
10114
10115
10116
10117
10128
10127
10129
10130
10131
10121
10120
10122
10123
10124
10125
10126
10118
10119
10148
10149
10150
10151
10152
10153
10147
10146
10145
10144
10142
10143
10134
10132
10133
10138
10139
10140
10137
10136
10135
10141
10160
10161
10158
10159
10154
10155
10156
10157
10162
10163
10164
10165
10171
10172
10168
10167
10169
10170
10166
10185
10187
10188
10186
10190
10189
10183
10184
10182
10180
10181
10174
10175
10176
10177
10173
10179
10178
10193
10192
10191
10194
10195
10199
10196
10197
10198
10204
10203
10201
10202
10200
10205
10211
10212
10213
10210
10209
10208
10207
10206
10216
10215
10214
10217
10218
10219
10220
10221
10222
10223
10231
10232
10233
10234
10235
10236
10237
10238
10230
10229
10228
10226
10227
10224
10225
10245
10244
10243
10240
10241
10242
10239
10246
10247
10248
10249
10250
10251
10258
10259
10260
10262
10261
10263
10257
10256
10255
10254
10253
10252
10270
10268
10269
10267
10265
10266
10264
10271
10272
10273
10274
10275
10276
10280
10282
10281
10283
10286
10284
10285
10287
10279
10278
10277
10295
10296
10293
10294
10292
10288
10289
10290
10291
10297
10298
10299
10300
10304
10305
10307
10306
10308
10313
10310
10311
10312
10309
10303
10302
10301
10326
10327
10325
10322
10323
10324
10321
10314
10317
10318
10319
10315
10316
10320
10328
10329
10330
10331
10336
10340
10338
10339
10337
10349
10346
10343
10344
10345
10342
10348
10347
10341
10335
10334
10333
10332
10358
10356
10357
10350
10353
10354
10351
10352
10355
10359
10360
10361
10362
10365
10367
10366
10369
10368
10364
10363
10373
10371
10372
10370
10374
10375
10378
10381
10379
10380
10382
10377
10376
10386
10384
10385
10383
10387
10388
10391
10393
10392
10394
10390
10389
10399
10396
10397
10398
10395
10400
10401
10404
10405
10408
10407
10406
10409
10403
10402
10416
10414
10415
10411
10412
10413
10410
10417
10418
10419
10424
10425
10427
10426
10428
10423
10420
10421
10422
10433
10432
10430
10431
10429
10435
10434
10439
10440
10442
10441
10443
10436
10437
10438
10448
10447
10445
10446
10444
10450
10449
10454
10455
10456
10458
10457
10459
10460
10451
10452
10453
10467
10466
10465
10462
10463
10464
10461
10469
10470
10468
10473
10474
10475
10477
10476
10478
10479
10471
10472
10488
10489
10487
10486
10482
10483
10484
10485
10481
10480
10493
10490
10491
10492
10500
10498
10499
10501
10502
10503
10504
10509
10507
10508
10506
10505
10510
10511
10494
10497
10495
10496
10522
10523
10524
10521
10520
10514
10515
10516
10517
10518
10519
10513
10512
10527
10525
10526
10532
10531
10533
10534
10539
10538
10537
10536
10535
10540
10541
10542
10528
10530
10529
10555
10556
10554
10553
10548
10549
10550
10551
10552
10546
10547
10544
10545
10543
10559
10557
10558
10564
10563
10565
10566
10571
10570
10569
10568
10567
10573
10572
10574
10575
10560
10562
10561
10589
10590
10591
10588
10587
10579
10580
10581
10582
10583
10584
10585
10586
10578
10576
10577
10592
10593
10596
10595
10597
10598
10603
10602
10601
10600
10599
10605
10606
10604
10594
10615
10616
10617
10614
10613
10608
10609
10610
10611
10612
10607
10618
10623
10622
10620
10621
10624
10625
10629
10630
10631
10628
10627
10626
10632
10619
10641
10642
10643
10644
10640
10638
10639
10635
10636
10637
10633
10634
10645
10649
10648
10647
10650
10653
10652
10651
10654
10646
10664
10665
10666
10667
10668
10669
10670
10663
10656
10657
10658
10659
10660
10661
10662
10655
10676
10675
10673
10674
10672
10671
10677
10678
10679
10684
10682
10683
10681
10680
10685
10693
10694
10695
10699
10700
10696
10697
10698
10692
10687
10689
10688
10690
10691
10686
10705
10702
10701
10704
10703
10706
10707
10711
10709
10710
10708
10712
10719
10720
10723
10724
10721
10722
10718
10714
10716
10715
10717
10713
10729
10728
10726
10725
10727
10730
10732
10731
10733
10739
10740
10741
10738
10737
10736
10734
10735
10743
10742
10744
10745
10746
10747
10749
10748
10756
10755
10754
10753
10750
10751
10752
10757
10758
10759
10760
10761
10763
10762
10768
10769
10770
10767
10766
10765
10764
10773
10772
10771
10774
10775
10776
10780
10781
10782
10783
10779
10778
10777
10785
10784
10786
10787
10790
10789
10788
10791
10792
10793
10798
10794
10795
10796
10797
10799
10803
10804
10802
10801
10800
10809
10806
10805
10807
10808
10810
10813
10811
10812
10819
10814
10815
10817
10818
10816
10820
10821
10827
10822
10823
10824
10825
10826
10832
10831
10829
10830
10828
10833
10834
10835
10837
10836
10841
10842
10838
10839
10840
10843
10846
10844
10845
10851
10847
10848
10849
10850
10852
10854
10853
10855
10856
