1
2
3
4
5
6
10
11
12
13
14
15
16
17
18
19
9
7
8
24
25
26
27
28
29
30
31
32
33
34
23
22
21
20
37
38
39
40
41
42
43
36
35
44
53
54
55
56
57
58
59
60
47
48
49
50
51
52
46
61
45
74
75
76
77
78
79
80
81
82
63
64
65
66
67
68
69
70
71
72
73
62
85
83
84
86
87
108
105
106
107
103
104
102
93
94
95
96
97
98
99
100
101
92
91
120
115
116
117
118
119
112
113
114
111
110
109
90
89
88
129
130
131
132
134
133
135
143
144
138
139
140
141
142
136
137
121
124
123
122
126
125
127
128
145
158
156
157
155
146
152
148
149
150
151
147
153
154
163
164
165
166
161
162
159
160
175
176
177
186
183
184
182
181
185
179
180
178
172
170
171
169
167
168
173
174
196
197
187
190
191
192
193
194
188
189
195
201
199
200
202
203
204
198
219
216
217
218
214
215
212
213
220
211
206
207
208
209
205
210
222
224
225
226
223
230
227
228
229
221
231
235
236
234
237
232
233
249
247
245
246
248
243
244
250
241
242
239
238
240
252
254
253
255
251
256
259
257
258
268
266
267
269
263
264
265
260
262
261
270
271
273
272
276
275
274
278
279
277
283
280
281
282
284
285
286
287
291
288
289
290
292
293
294
295
299
300
298
296
297
301
302
303
304
307
308
309
310
306
305
315
316
314
312
313
311
317
318
319
321
320
324
323
322
325
326
328
327
329
330
331
333
332
334
335
336
338
339
337
340
341
342
343
345
344
346
347
348
349
350
352
351
353
354
357
358
355
356
359
360
361
362
366
365
363
364
367
368
370
369
371
372
374
375
373
376
377
378
379
380
381
382
383
384
387
385
386
388
390
389
391
392
393
394
396
395
397
398
399
400
401
403
404
402
406
407
405
408
409
410
411
412
414
415
413
416
417
418
419
420
421
422
423
424
427
428
426
425
431
429
430
432
433
438
437
435
436
434
439
441
440
442
446
447
444
445
443
448
449
451
450
452
456
457
453
454
455
458
459
460
465
463
464
461
462
468
469
470
466
467
471
472
474
473
476
477
475
478
479
480
481
482
484
485
483
486
487
488
489
493
494
491
492
490
495
496
497
501
502
503
498
499
500
506
505
504
508
507
511
509
510
512
513
514
515
517
516
518
519
521
522
523
524
525
526
527
528
520
535
530
531
532
533
534
529
536
538
539
541
542
540
543
537
547
546
544
545
548
549
550
551
552
559
560
558
554
555
556
557
553
562
561
563
567
568
565
566
564
574
575
576
571
572
569
570
573
578
579
580
577
582
583
584
585
586
587
588
581
596
595
594
597
592
591
589
590
593
599
600
601
602
598
603
605
604
615
612
613
614
611
616
608
609
610
606
607
619
620
622
621
623
617
618
625
624
629
628
631
630
626
627
634
635
636
637
638
632
633
640
641
642
643
639
652
651
650
654
655
653
648
649
647
646
644
645
659
660
661
662
663
664
656
657
658
666
665
667
671
672
668
669
670
685
683
684
682
681
686
680
673
674
675
676
677
678
679
688
689
687
690
700
692
693
694
695
696
697
698
699
691
710
709
711
712
701
708
706
707
703
704
705
702
715
716
717
718
719
714
713
726
727
720
723
724
721
722
725
740
738
739
737
736
741
742
743
744
745
746
747
748
729
728
734
735
731
732
733
730
757
758
759
760
761
762
763
756
754
755
753
752
751
750
749
773
774
775
776
777
766
767
768
769
770
764
765
771
772
796
797
794
795
793
791
792
798
801
802
803
804
805
806
799
800
807
808
809
810
811
780
779
778
786
787
785
783
784
782
788
789
790
781
822
823
824
825
826
821
819
818
820
815
816
817
813
814
812
838
831
830
832
833
834
835
836
829
828
827
837
864
863
860
861
862
857
858
859
865
866
867
868
870
871
869
872
873
874
875
876
877
839
840
841
851
852
848
849
850
847
846
844
845
842
843
853
854
855
856
895
896
897
898
899
891
892
893
894
889
890
884
885
886
887
888
881
882
883
880
879
878
917
918
919
920
921
922
923
915
916
908
907
912
910
911
909
914
913
905
906
903
904
902
900
901
945
944
943
949
946
947
948
952
953
954
951
950
956
957
958
955
959
960
935
925
926
927
928
929
930
931
932
933
934
924
936
939
940
937
938
941
942
976
977
978
979
980
973
975
974
969
970
968
971
972
966
967
965
964
961
962
963
1004
995
996
997
998
999
1000
1001
1002
1003
994
988
989
990
991
992
993
987
983
982
985
986
984
981
1039
1038
1037
1036
1035
1040
1041
1042
1046
1047
1048
1045
1043
1044
1052
1049
1050
1051
1053
1054
1005
1017
1018
1014
1015
1016
1007
1008
1009
1010
1011
1012
1013
1006
1019
1022
1023
1021
1020
1024
1031
1026
1027
1028
1025
1029
1030
1032
1033
1034
1064
1065
1066
1067
1068
1069
1070
1063
1057
1058
1059
1060
1062
1061
1056
1055
1091
1090
1092
1093
1094
1095
1096
1097
1098
1108
1109
1103
1104
1105
1106
1107
1102
1100
1101
1099
1110
1085
1086
1087
1088
1089
1080
1081
1082
1083
1084
1077
1078
1079
1076
1075
1072
1073
1074
1071
1162
1161
1159
1160
1158
1165
1166
1164
1163
1167
1168
1169
1130
1128
1129
1127
1126
1124
1125
1119
1120
1121
1122
1123
1113
1112
1116
1114
1115
1117
1118
1111
1133
1134
1135
1136
1137
1138
1139
1132
1131
1143
1141
1142
1140
1146
1144
1145
1147
1148
1153
1154
1155
1149
1150
1151
1152
1156
1157
1177
1178
1179
1180
1181
1182
1183
1172
1171
1173
1174
1175
1176
1170
1204
1205
1206
1207
1208
1209
1210
1211
1212
1213
1202
1203
1222
1223
1218
1219
1220
1221
1214
1215
1216
1217
1227
1228
1229
1226
1225
1224
1199
1200
1197
1198
1195
1196
1201
1190
1191
1192
1193
1194
1188
1189
1187
1184
1186
1185
1282
1283
1281
1280
1279
1286
1287
1288
1289
1290
1285
1284
1291
1262
1258
1259
1260
1261
1257
1256
1254
1255
1251
1252
1253
1241
1245
1246
1247
1248
1243
1244
1242
1250
1249
1232
1233
1230
1231
1234
1235
1236
1237
1238
1239
1240
1264
1265
1266
1267
1268
1269
1270
1263
1271
1272
1274
1273
1275
1276
1277
1278
1303
1298
1299
1297
1295
1296
1293
1294
1300
1301
1302
1292
1322
1318
1319
1320
1321
1323
1324
1326
1325
1329
1330
1331
1332
1333
1334
1336
1335
1327
1328
1343
1344
1345
1348
1346
1347
1342
1341
1340
1338
1339
1337
1312
1313
1314
1315
1316
1310
1311
1308
1309
1317
1307
1306
1305
1304
1403
1404
1412
1410
1411
1413
1416
1417
1418
1419
1420
1421
1414
1415
1409
1406
1407
1408
1405
1422
1423
1424
1378
1379
1380
1381
1382
1383
1384
1385
1386
1377
1374
1375
1376
1370
1371
1372
1369
1368
1367
1362
1363
1364
1365
1366
1361
1373
1352
1351
1349
1350
1353
1354
1355
1359
1356
1357
1358
1360
1391
1389
1390
1388
1393
1394
1392
1396
1395
1387
1397
1398
1399
1400
1401
1402
1446
1435
1436
1430
1431
1432
1433
1429
1434
1437
1438
1439
1442
1443
1444
1441
1440
1445
1428
1425
1426
1427
1470
1471
1466
1467
1468
1469
1462
1463
1464
1465
1461
1460
1458
1459
1472
1473
1474
1478
1479
1480
1481
1482
1477
1476
1483
1484
1485
1486
1491
1492
1489
1490
1488
1487
1493
1475
1505
1506
1503
1504
1502
1500
1501
1495
1496
1497
1499
1498
1494
1454
1455
1456
1457
1453
1451
1452
1449
1450
1448
1447
1571
1572
1573
1574
1578
1583
1580
1581
1582
1579
1577
1576
1575
1585
1586
1584
1542
1543
1545
1546
1547
1544
1557
1548
1549
1550
1551
1552
1553
1554
1555
1556
1558
1559
1560
1561
1562
1541
1540
1535
1536
1534
1533
1531
1532
1537
1538
1539
1530
1528
1529
1518
1517
1523
1519
1520
1521
1522
1524
1525
1526
1527
1516
1507
1508
1509
1510
1511
1512
1514
1513
1515
1563
1564
1565
1566
1567
1568
1569
1570
1599
1600
1598
1593
1594
1595
1589
1590
1591
1592
1596
1597
1588
1587
1617
1618
1611
1615
1616
1614
1613
1612
1610
1609
1607
1608
1605
1606
1619
1622
1623
1624
1625
1626
1627
1620
1621
1628
1629
1634
1638
1639
1640
1641
1642
1636
1637
1635
1632
1633
1631
1630
1650
1648
1649
1645
1646
1647
1644
1643
1604
1603
1602
1601
1697
1698
1699
1700
1702
1703
1701
1704
1678
1677
1679
1680
1681
1682
1683
1684
1685
1686
1687
1688
1689
1676
1673
1672
1671
1668
1669
1670
1667
1675
1674
1665
1666
1660
1661
1658
1657
1656
1655
1659
1662
1663
1664
1651
1652
1653
1654
1690
1691
1692
1693
1694
1695
1696
1709
1707
1708
1705
1706
1730
1731
1724
1725
1726
1727
1728
1729
1722
1723
1721
1719
1720
1718
1717
1732
1736
1737
1738
1733
1734
1735
1740
1739
1745
1744
1747
1748
1749
1746
1742
1743
1741
1753
1752
1751
1750
1716
1714
1715
1713
1712
1711
1710
1794
1793
1795
1796
1771
1770
1776
1777
1775
1774
1773
1772
1778
1780
1781
1779
1782
1766
1767
1765
1764
1769
1768
1763
1761
1760
1759
1758
1762
1754
1755
1756
1757
1783
1784
1785
1786
1787
1788
1789
1790
1791
1792
1800
1798
1799
1797
1831
1823
1824
1825
1819
1820
1821
1822
1826
1827
1828
1829
1830
1817
1818
1815
1814
1816
1813
1832
1833
1834
1836
1837
1838
1839
1840
1841
1835
1842
1843
1811
1812
1809
1810
1807
1808
1806
1805
1803
1804
1801
1802
1892
1893
1894
1895
1896
1897
1856
1857
1858
1859
1866
1868
1869
1870
1871
1872
1873
1874
1867
1865
1863
1864
1862
1861
1860
1875
1877
1876
1855
1853
1854
1850
1851
1852
1849
1847
1848
1846
1845
1844
1878
1879
1882
1880
1881
1883
1884
1885
1886
1887
1888
1889
1890
1891
1906
1905
1903
1904
1900
1901
1902
1899
1898
1946
1945
1940
1931
1932
1933
1934
1935
1936
1937
1938
1939
1929
1930
1927
1928
1926
1925
1941
1942
1943
1944
1924
1922
1923
1947
1948
1951
1952
1953
1949
1950
1954
1955
1956
1957
1958
1921
1918
1919
1920
1916
1917
1915
1913
1914
1912
1911
1910
1909
1908
1907
2020
2021
2022
2023
2024
1974
1975
1981
1982
1990
1991
1992
1993
1994
1995
1989
1987
1988
1986
1984
1985
1983
1997
1998
1996
1999
2000
2001
1979
1980
1977
1978
1976
2002
2003
1973
1972
1970
1971
1969
1968
1965
1966
1967
1964
1963
1961
1962
1959
1960
2005
2006
2007
2004
2009
2008
2010
2011
2014
2012
2013
2015
2016
2017
2018
2019
2027
2028
2026
2025
2079
2077
2078
2063
2064
2065
2061
2062
2052
2053
2054
2051
2050
2049
2055
2056
2057
2058
2059
2060
2048
2047
2046
2067
2068
2066
2072
2073
2074
2069
2070
2071
2075
2076
2045
2044
2080
2081
2082
2084
2085
2086
2083
2087
2090
2088
2089
2091
2092
2093
2094
2042
2043
2041
2040
2036
2037
2038
2039
2032
2033
2034
2035
2031
2030
2029
2151
2152
2153
2103
2104
2111
2112
2122
2123
2124
2125
2126
2127
2128
2129
2121
2119
2120
2117
2118
2115
2116
2113
2114
2130
2131
2110
2107
2108
2109
2106
2105
2132
2133
2134
2135
2136
2137
2102
2101
2098
2099
2100
2096
2097
2095
2138
2139
2143
2142
2141
2140
2144
2145
2146
2147
2148
2149
2150
2155
2156
2154
2217
2207
2208
2201
2202
2203
2204
2205
2206
2191
2192
2190
2188
2189
2187
2185
2186
2184
2183
2193
2194
2197
2195
2196
2199
2200
2198
2181
2182
2180
2209
2211
2212
2213
2210
2214
2215
2216
2179
2178
2177
2174
2175
2176
2218
2219
2222
2220
2221
2223
2224
2225
2172
2173
2168
2169
2170
2171
2164
2165
2166
2167
2162
2163
2161
2160
2159
2157
2158
2285
2234
2235
2249
2250
2248
2254
2255
2256
2253
2252
2251
2265
2266
2267
2268
2269
2264
2263
2259
2261
2262
2260
2258
2257
2246
2247
2240
2241
2242
2243
2244
2245
2238
2239
2237
2236
2270
2271
2272
2275
2276
2273
2274
2232
2233
2231
2227
2230
2228
2229
2226
2279
2278
2280
2282
2281
2284
2283
2341
2342
2340
2328
2327
2329
2323
2322
2324
2325
2326
2314
2311
2312
2313
2304
2305
2306
2307
2308
2309
2310
2303
2315
2316
2317
2318
2319
2320
2321
2330
2331
2336
2335
2333
2334
2332
2337
2338
2339
2302
2297
2298
2299
2300
2301
2343
2345
2344
2346
2347
2293
2294
2295
2292
2290
2291
2286
2287
2288
2289
2351
2362
2363
2361
2366
2365
2364
2373
2376
2374
2375
2379
2380
2381
2378
2377
2382
2372
2370
2371
2369
2367
2368
2360
2357
2358
2359
2354
2355
2356
2353
2352
2383
2384
2389
2388
2386
2387
2385
2350
2349
2348
2394
2395
2392
2393
2396
2397
2398
2399
2400
2401
2447
2448
2437
2438
2439
2431
2432
2433
2434
2435
2436
2423
2422
2421
2420
2419
2425
2424
2426
2428
2429
2430
2427
2440
2442
2443
2444
2441
2446
2445
2418
2416
2417
2412
2414
2413
2415
2449
2450
2451
2452
2453
2408
2407
2409
2410
2406
2405
2404
2403
2402
2461
2470
2475
2476
2474
2472
2473
2471
2483
2484
2485
2486
2487
2488
2489
2490
2480
2481
2482
2478
2479
2477
2468
2467
2465
2466
2469
2462
2463
2464
2493
2494
2491
2492
2460
2457
2458
2459
2456
2454
2455
2497
2498
2496
2499
2500
2501
2502
2503
2560
2550
2551
2552
2547
2546
2548
2549
2539
2537
2538
2530
2531
2532
2533
2534
2535
2536
2529
2528
2525
2526
2527
2542
2540
2541
2543
2544
2545
2554
2555
2556
2557
2553
2559
2558
2521
2517
2518
2519
2520
2522
2523
2524
2561
2562
2563
2510
2511
2512
2509
2513
2507
2508
2506
2504
2505
2567
2577
2576
2575
2581
2582
2583
2584
2579
2580
2578
2594
2595
2596
2597
2598
2599
2600
2601
2602
2613
2609
2610
2611
2612
2605
2606
2607
2608
2604
2603
2614
2616
2615
2589
2590
2591
2592
2593
2588
2586
2587
2585
2573
2574
2572
2571
2568
2569
2570
2622
2620
2621
2619
2618
2617
2566
2565
2564
2630
2627
2628
2629
2626
2631
2633
2632
2696
2697
2685
2686
2687
2688
2689
2690
2681
2682
2678
2679
2680
2683
2684
2667
2666
2665
2664
2663
2661
2662
2651
2652
2656
2655
2654
2653
2659
2660
2657
2658
2649
2650
2648
2672
2671
2670
2668
2669
2674
2675
2673
2676
2677
2691
2692
2693
2695
2694
2645
2646
2647
2698
2699
2700
2701
2636
2639
2638
2637
2640
2641
2634
2635
2707
2719
2718
2717
2714
2715
2716
2722
2723
2721
2720
2734
2735
2736
2737
2738
2740
2739
2752
2751
2744
2745
2746
2747
2748
2749
2750
2742
2741
2743
2755
2756
2753
2754
2727
2728
2729
2730
2731
2732
2733
2726
2725
2724
2713
2709
2710
2711
2712
2708
2759
2757
2758
2706
2704
2705
2703
2702
2782
2783
2781
2779
2780
2786
2784
2785
2868
2851
2852
2853
2859
2860
2861
2862
2857
2858
2854
2855
2856
2849
2847
2848
2850
2838
2836
2837
2834
2835
2819
2820
2828
2826
2827
2825
2824
2822
2823
2821
2830
2831
2832
2833
2829
2815
2816
2817
2818
2843
2844
2845
2846
2841
2842
2840
2839
2867
2866
2864
2865
2863
2814
2869
2871
2872
2873
2874
2870
2875
2876
2877
2878
2789
2790
2792
2791
2787
2788
2891
2901
2900
2896
2898
2897
2899
2903
2904
2902
2916
2917
2918
2919
2920
2921
2922
2927
2928
2929
2930
2931
2932
2933
2934
2935
2937
2936
2938
2924
2925
2926
2923
2942
2943
2944
2940
2941
2939
2907
2908
2906
2905
2910
2911
2912
2909
2913
2914
2915
2892
2894
2893
2895
2945
2889
2890
2887
2888
2886
2883
2884
2885
2881
2882
2880
2879
2967
2966
2968
3045
3037
3038
3040
3039
3033
3030
3031
3032
3034
3035
3036
3016
3017
3015
3014
3010
3011
3012
3013
3009
3002
3003
3004
3000
3001
2999
2997
2998
2996
2993
2994
2995
2992
3007
3006
3005
3008
2989
2988
2990
2991
3027
3028
3029
3025
3026
3021
3022
3023
3024
3020
3018
3019
3043
3044
3041
3042
3047
3046
3048
3050
3049
3051
3052
3053
3054
2970
2971
2969
3064
3071
3068
3069
3070
3075
3078
3077
3076
3073
3074
3072
3087
3088
3089
3090
3091
3092
3093
3094
3095
3096
3097
3110
3111
3112
3113
3114
3116
3115
3117
3118
3119
3120
3121
3100
3101
3102
3103
3104
3105
3106
3107
3108
3109
3098
3099
3124
3125
3126
3123
3122
3080
3081
3079
3084
3083
3082
3086
3085
3065
3066
3067
3062
3063
3059
3060
3061
3058
3057
3056
3055
3154
3155
3156
3246
3240
3243
3241
3242
3236
3237
3234
3235
3238
3239
3224
3222
3223
3221
3219
3220
3218
3217
3204
3203
3201
3202
3200
3196
3197
3198
3199
3193
3194
3195
3191
3192
3188
3189
3190
3213
3214
3212
3211
3210
3209
3208
3206
3207
3205
3216
3215
3185
3184
3186
3187
3230
3229
3231
3232
3233
3226
3227
3228
3225
3245
3244
3248
3247
3252
3250
3251
3249
3253
3254
3255
3256
3158
3159
3157
3269
3278
3279
3272
3273
3275
3276
3277
3274
3285
3286
3281
3282
3283
3284
3280
3300
3302
3303
3301
3304
3305
3315
3316
3317
3318
3319
3322
3321
3320
3324
3323
3325
3328
3329
3330
3326
3327
3309
3308
3310
3311
3312
3313
3314
3306
3307
3333
3334
3335
3331
3332
3288
3287
3291
3290
3289
3292
3293
3294
3295
3296
3297
3298
3299
3270
3271
3266
3267
3268
3262
3263
3264
3265
3260
3261
3259
3257
3258
3359
3358
3360
3452
3447
3449
3448
3440
3438
3439
3446
3442
3443
3444
3445
3441
3426
3421
3422
3423
3424
3425
3420
3419
3402
3401
3397
3398
3399
3400
3395
3396
3394
3393
3390
3389
3388
3392
3391
3410
3411
3412
3413
3414
3415
3405
3406
3407
3408
3409
3403
3404
3417
3418
3416
3386
3387
3437
3435
3436
3432
3433
3434
3431
3430
3428
3429
3427
3450
3451
3456
3457
3454
3455
3453
3459
3458
3462
3460
3461
3463
3362
3363
3364
3361
3481
3482
3483
3488
3485
3486
3487
3494
3489
3490
3493
3492
3491
3512
3519
3520
3521
3516
3517
3518
3515
3514
3513
3532
3533
3534
3535
3538
3539
3536
3537
3540
3541
3542
3543
3544
3545
3549
3550
3546
3547
3548
3526
3525
3530
3529
3528
3527
3531
3522
3523
3524
3553
3551
3552
3495
3499
3496
3497
3498
3505
3506
3507
3508
3503
3504
3500
3501
3502
3509
3510
3511
3484
3474
3473
3476
3477
3478
3479
3475
3480
3470
3471
3472
3466
3468
3469
3467
3464
3465
3575
3576
3680
3679
3675
3676
3678
3677
3669
3674
3670
3671
3672
3673
3640
3638
3639
3637
3642
3641
3643
3644
3645
3646
3626
3625
3619
3622
3623
3624
3620
3621
3616
3617
3618
3615
3614
3612
3613
3611
3608
3606
3607
3610
3609
3633
3634
3630
3631
3632
3627
3628
3629
3636
3635
3603
3605
3604
3666
3667
3668
3662
3664
3665
3663
3653
3654
3655
3656
3657
3658
3659
3652
3651
3660
3661
3650
3647
3648
3649
3686
3684
3683
3682
3685
3681
3688
3687
3692
3690
3689
3691
3693
3578
3579
3577
3703
3704
3707
3705
3706
3709
3708
3742
3743
3744
3745
3739
3740
3741
3738
3736
3737
3753
3756
3754
3755
3758
3757
3759
3760
3761
3763
3762
3764
3765
3767
3768
3769
3772
3773
3770
3771
3766
3747
3748
3749
3750
3752
3751
3746
3775
3774
3712
3713
3714
3711
3710
3717
3718
3719
3715
3716
3728
3727
3726
3725
3729
3730
3722
3723
3724
3720
3721
3731
3735
3734
3732
3733
3701
3702
3699
3700
3695
3697
3698
3696
3694
3808
3809
3928
3927
3921
3922
3924
3925
3926
3923
3919
3920
3890
3891
3883
3884
3885
3886
3887
3888
3889
3894
3893
3892
3895
3896
3897
3869
3870
3871
3864
3865
3866
3867
3868
3862
3863
3861
3859
3860
3858
3857
3856
3854
3852
3853
3849
3851
3850
3855
3878
3879
3880
3881
3874
3875
3876
3877
3872
3873
3882
3847
3848
3916
3915
3917
3918
3912
3911
3914
3913
3903
3904
3905
3906
3907
3902
3901
3908
3910
3909
3898
3900
3899
3929
3930
3934
3932
3931
3933
3935
3812
3813
3810
3811
3942
3943
3944
3945
3946
3953
3952
3949
3950
3948
3947
3951
3956
3957
3958
3954
3955
3990
3993
3994
3995
3996
3997
3998
3999
4000
4001
3992
3991
3989
3988
3987
3985
3986
4011
4012
4013
4010
4019
4020
4021
4017
4018
4016
4014
4015
4023
4024
4022
4025
4026
4027
4028
4029
4030
4031
4033
4034
4036
4037
4035
4044
4038
4039
4040
4041
4042
4043
4032
4002
4003
4007
4005
4006
4004
4009
4008
4046
4047
4045
3961
3962
3963
3959
3960
3970
3964
3965
3966
3967
3968
3969
3979
3977
3978
3980
3973
3974
3975
3976
3971
3972
3983
3984
3981
3982
3941
3937
3939
3940
3938
3936
4084
4083
4085
4221
4220
4214
4216
4217
4218
4219
4215
4212
4213
4177
4178
4179
4175
4176
4174
4172
4173
4170
4171
4167
4168
4169
4180
4181
4182
4183
4184
4185
4186
4187
4188
4189
4190
4191
4159
4160
4153
4154
4152
4151
4155
4156
4157
4158
4147
4148
4149
4150
4146
4145
4143
4144
4141
4142
4140
4137
4136
4128
4135
4133
4134
4131
4132
4130
4129
4138
4139
4166
4164
4165
4161
4162
4163
4124
4125
4126
4127
4209
4211
4210
4202
4203
4204
4208
4207
4206
4205
4198
4197
4195
4196
4200
4201
4199
4193
4192
4194
4222
4225
4223
4224
4226
4088
4089
4086
4087
4232
4233
4239
4240
4241
4236
4235
4234
4237
4238
4242
4272
4271
4278
4273
4274
4275
4276
4277
4279
4281
4282
4280
4270
4269
4266
4267
4268
4265
4264
4263
4295
4296
4297
4298
4293
4294
4292
4290
4291
4289
4301
4300
4299
4302
4304
4303
4305
4306
4307
4308
4309
4310
4311
4312
4313
4283
4285
4286
4287
4284
4288
4318
4316
4317
4315
4314
4246
4243
4244
4245
4251
4252
4250
4247
4248
4249
4257
4258
4259
4260
4261
4256
4253
4254
4255
4262
4231
4227
4228
4229
4230
4353
4354
4356
4355
4489
4488
4480
4481
4479
4484
4485
4486
4487
4483
4482
4478
4447
4448
4442
4443
4446
4445
4444
4441
4449
4451
4452
4450
4453
4454
4455
4423
4422
4421
4420
4425
4426
4427
4428
4424
4429
4430
4418
4419
4417
4415
4416
4414
4412
4413
4411
4410
4439
4438
4432
4433
4434
4435
4436
4437
4440
4431
4403
4404
4405
4406
4407
4408
4409
4474
4475
4477
4476
4469
4470
4471
4472
4473
4461
4460
4459
4457
4458
4456
4462
4463
4464
4468
4466
4467
4465
4490
4491
4492
4493
4494
4495
4496
4500
4499
4497
4498
4360
4359
4357
4358
4508
4509
4510
4511
4512
4523
4524
4522
4517
4518
4516
4514
4515
4513
4519
4520
4521
4551
4552
4550
4553
4554
4555
4556
4549
4548
4547
4546
4572
4573
4574
4575
4569
4570
4571
4567
4568
4566
4576
4577
4579
4580
4578
4581
4583
4584
4582
4585
4558
4559
4564
4562
4563
4560
4561
4557
4565
4590
4591
4589
4587
4588
4586
4527
4526
4525
4532
4531
4528
4529
4530
4542
4543
4544
4545
4541
4539
4540
4537
4538
4533
4534
4535
4536
4506
4507
4505
4503
4504
4502
4501
4634
4635
4637
4638
4636
4759
4758
4757
4755
4756
4743
4744
4745
4742
4750
4751
4752
4753
4754
4747
4748
4749
4746
4721
4720
4719
4718
4722
4723
4724
4725
4699
4698
4697
4696
4705
4701
4702
4703
4704
4700
4707
4708
4706
4709
4695
4694
4692
4693
4689
4690
4691
4687
4688
4686
4685
4715
4716
4711
4712
4713
4714
4717
4710
4681
4682
4683
4684
4739
4740
4741
4734
4735
4736
4737
4738
4729
4730
4728
4726
4727
4733
4732
4731
4760
4761
4762
4763
4764
4642
4640
4639
4641
4768
4769
4770
4776
4774
4775
4772
4771
4773
4801
4802
4803
4804
4805
4806
4800
4799
4797
4798
4828
4829
4830
4831
4832
4833
4834
4826
4827
4825
4822
4823
4824
4820
4821
4819
4835
4836
4837
4838
4839
4841
4840
4843
4842
4844
4845
4846
4809
4808
4816
4817
4815
4812
4813
4814
4810
4811
4807
4818
4851
4849
4850
4848
4847
4779
4780
4781
4777
4778
4786
4787
4785
4783
4784
4782
4790
4791
4789
4792
4793
4794
4796
4795
4788
4767
4766
4765
4883
4885
4884
4993
4992
4991
4988
4989
4990
4967
4966
4965
4964
4968
4969
4970
4940
4941
4939
4938
4944
4942
4943
4945
4946
4947
4948
4949
4950
4936
4937
4935
4934
4933
4932
4930
4931
4929
4928
4926
4927
4961
4953
4954
4955
4952
4956
4958
4957
4959
4960
4962
4963
4951
4921
4922
4923
4924
4925
4985
4978
4979
4980
4981
4982
4983
4984
4987
4986
4976
4977
4974
4973
4972
4971
4975
4994
4995
4996
4888
4889
4886
4887
5003
5004
5005
5006
5007
5025
5026
5027
5028
5024
5053
5054
5055
5052
5049
5050
5051
5048
5047
5042
5043
5044
5045
5046
5058
5059
5060
5061
5062
5063
5056
5057
5064
5065
5066
5067
5069
5070
5071
5068
5072
5073
5074
5032
5038
5036
5037
5039
5040
5035
5034
5033
5029
5030
5031
5041
5077
5076
5075
5009
5019
5015
5016
5017
5018
5014
5013
5010
5011
5012
5008
5021
5020
5023
5022
5002
4998
4999
5000
5001
4997
5106
5105
5107
5209
5207
5208
5206
5205
5186
5185
5181
5182
5183
5184
5187
5156
5155
5157
5162
5158
5159
5160
5161
5163
5164
5169
5168
5167
5166
5165
5153
5151
5152
5150
5154
5149
5148
5147
5145
5142
5143
5144
5141
5146
5140
5174
5175
5172
5173
5171
5176
5177
5178
5179
5180
5170
5139
5202
5203
5204
5193
5194
5195
5198
5197
5196
5199
5200
5201
5191
5192
5188
5189
5190
5210
5211
5214
5215
5216
5213
5212
5217
5111
5112
5108
5109
5110
5226
5224
5225
5227
5228
5243
5244
5245
5246
5242
5270
5267
5268
5269
5263
5266
5265
5264
5262
5261
5256
5257
5258
5259
5260
5272
5273
5274
5275
5271
5276
5277
5279
5283
5281
5282
5280
5278
5284
5285
5286
5253
5251
5252
5254
5250
5249
5248
5247
5255
5287
5229
5234
5232
5233
5231
5230
5235
5236
5237
5241
5238
5239
5240
5222
5223
5221
5220
5219
5218
5310
5311
5313
5312
5391
5392
5375
5374
5373
5349
5350
5351
5352
5353
5354
5355
5356
5362
5359
5360
5361
5358
5357
5348
5347
5345
5346
5344
5343
5341
5339
5340
5342
5338
5337
5365
5366
5367
5368
5364
5369
5370
5371
5372
5363
5390
5383
5384
5385
5387
5386
5388
5389
5382
5381
5380
5376
5379
5377
5378
5393
5394
5395
5318
5314
5315
5316
5317
5398
5399
5400
5417
5418
5419
5444
5445
5443
5442
5441
5440
5433
5435
5436
5437
5438
5434
5439
5446
5447
5449
5448
5450
5451
5452
5453
5454
5455
5456
5457
5458
5459
5460
5430
5431
5429
5427
5428
5423
5424
5425
5426
5422
5420
5421
5432
5409
5408
5407
5405
5406
5402
5403
5404
5401
5410
5411
5412
5413
5416
5414
5415
5397
5396
5480
5481
5486
5487
5484
5485
5483
5482
5578
5562
5561
5560
5524
5520
5521
5522
5523
5525
5526
5527
5528
5529
5530
5531
5532
5546
5537
5538
5539
5540
5541
5542
5543
5544
5545
5534
5535
5536
5547
5533
5519
5517
5518
5516
5514
5515
5513
5512
5511
5510
5550
5549
5551
5553
5552
5556
5555
5554
5559
5557
5558
5548
5569
5570
5571
5572
5573
5576
5575
5574
5577
5565
5566
5567
5568
5564
5563
5579
5580
5581
5495
5494
5488
5489
5490
5491
5492
5493
5585
5598
5599
5600
5601
5602
5603
5604
5637
5638
5641
5640
5639
5636
5634
5635
5633
5631
5632
5629
5630
5627
5628
5616
5623
5624
5622
5621
5620
5618
5619
5617
5626
5625
5642
5645
5643
5644
5646
5647
5648
5649
5650
5651
5652
5612
5613
5609
5610
5611
5608
5605
5607
5606
5614
5615
5592
5591
5590
5587
5588
5589
5586
5596
5595
5594
5593
5597
5584
5582
5583
5663
5660
5661
5662
5659
5658
5727
5726
5688
5686
5687
5689
5690
5691
5692
5693
5695
5696
5694
5698
5697
5700
5701
5699
5704
5703
5705
5706
5707
5708
5709
5711
5710
5702
5685
5684
5681
5682
5683
5679
5680
5677
5678
5674
5675
5676
5714
5713
5716
5717
5715
5718
5719
5720
5721
5725
5722
5723
5724
5712
5733
5734
5735
5737
5736
5738
5731
5732
5728
5729
5730
5739
5664
5665
5666
5667
5668
5669
5670
5754
5755
5794
5791
5792
5793
5788
5789
5790
5787
5786
5783
5782
5784
5785
5780
5781
5779
5774
5775
5776
5777
5773
5772
5770
5771
5769
5778
5795
5798
5799
5796
5797
5800
5803
5804
5801
5802
5766
5763
5764
5765
5762
5761
5760
5758
5759
5757
5756
5767
5768
5748
5749
5745
5746
5747
5743
5744
5741
5742
5750
5751
5753
5752
5740
5817
5816
5814
5815
5813
5887
5886
5839
5840
5841
5843
5842
5847
5848
5849
5844
5845
5846
5855
5856
5857
5858
5854
5852
5853
5859
5860
5861
5862
5863
5864
5866
5867
5865
5868
5850
5851
5838
5835
5836
5837
5833
5834
5828
5832
5829
5830
5831
5870
5871
5875
5876
5877
5878
5873
5874
5872
5879
5880
5881
5882
5883
5884
5885
5869
5892
5893
5891
5897
5895
5896
5894
5899
5898
5900
5890
5889
5888
5818
5819
5911
5912
5913
5914
5962
5960
5961
5959
5956
5957
5958
5951
5955
5954
5952
5953
5947
5945
5946
5944
5943
5948
5949
5942
5941
5936
5937
5938
5939
5940
5935
5950
5963
5967
5968
5966
5964
5965
5969
5970
5976
5977
5973
5974
5975
5971
5972
5932
5923
5924
5925
5921
5922
5927
5928
5929
5930
5926
5931
5920
5919
5918
5917
5916
5915
5933
5934
5907
5905
5906
5908
5903
5904
5902
5901
5909
5910
5988
5989
5987
6057
6056
6055
6054
6015
6016
6017
6018
6019
6026
6025
6027
6028
6029
6023
6024
6022
6030
6031
6037
6038
6036
6034
6035
6032
6033
6039
6020
6021
6014
6010
6011
6012
6013
6009
6008
6001
6000
6003
6002
6005
6006
6007
6004
6041
6042
6048
6049
6046
6045
6043
6044
6047
6050
6051
6052
6053
6040
6064
6061
6062
6063
6065
6066
6067
6068
6069
6059
6060
6058
5991
5992
5993
5994
5990
5995
6085
6086
6087
6088
6113
6112
6111
6107
6106
6105
6108
6109
6104
6102
6103
6110
6114
6117
6118
6116
6115
6119
6120
6125
6124
6121
6122
6123
6100
6099
6094
6095
6093
6098
6096
6097
6092
6090
6091
6089
6101
6078
6079
6081
6080
6075
6076
6077
6074
6072
6073
6071
6070
6082
6083
6084
6135
6134
6133
6136
6132
6185
6184
6183
6159
6160
6162
6163
6161
6164
6165
6168
6166
6167
6156
6157
6158
6152
6151
6153
6154
6155
6150
6146
6147
6149
6148
6171
6174
6175
6176
6172
6173
6177
6178
6179
6180
6181
6182
6169
6170
6187
6190
6188
6189
6192
6193
6191
6194
6195
6186
6137
6138
6200
6201
6202
6224
6225
6222
6223
6214
6215
6216
6217
6218
6219
6220
6221
6213
6212
6227
6228
6229
6230
6226
6234
6235
6236
6233
6232
6231
6237
6238
6239
6240
6241
6242
6243
6244
6208
6209
6207
6206
6204
6205
6203
6210
6211
6199
6197
6198
6196
6251
6250
6289
6288
6286
6287
6263
6264
6265
6272
6271
6270
6269
6268
6267
6266
6273
6274
6261
6262
6260
6259
6257
6258
6256
6255
6254
6279
6278
6280
6281
6282
6283
6284
6285
6276
6277
6275
6290
6291
6292
6252
6299
6300
6301
6302
6323
6318
6319
6320
6321
6322
6314
6315
6316
6317
6312
6313
6325
6324
6326
6327
6333
6328
6329
6330
6331
6332
6334
6335
6336
6337
6308
6309
6306
6307
6304
6305
6303
6311
6310
6296
6297
6298
6294
6295
6293
6340
6376
6374
6375
6373
6358
6362
6361
6360
6359
6363
6364
6353
6354
6355
6356
6357
6352
6351
6350
6349
6348
6346
6347
6345
6344
6367
6369
6368
6371
6370
6372
6365
6366
6379
6377
6378
6380
6381
6341
6387
6388
6390
6389
6402
6400
6401
6399
6407
6408
6405
6406
6404
6403
6409
6410
6411
6412
6413
6416
6414
6415
6417
6418
6419
6420
6421
6392
6391
6398
6393
6394
6395
6396
6397
6383
6384
6386
6385
6382
6425
6469
6466
6467
6468
6452
6453
6454
6455
6445
6446
6447
6448
6449
6450
6451
6441
6442
6443
6444
6440
6439
6438
6436
6437
6435
6434
6433
6430
6431
6432
6460
6461
6462
6463
6464
6465
6456
6459
6458
6457
6473
6474
6472
6470
6471
6475
6426
6482
6484
6483
6501
6497
6498
6499
6500
6495
6496
6505
6503
6504
6502
6509
6507
6508
6506
6510
6511
6512
6513
6514
6515
6491
6492
6490
6487
6488
6489
6485
6486
6494
6493
6479
6480
6478
6481
6476
6477
6566
6564
6565
6543
6547
6545
6546
6544
6553
6548
6549
6550
6551
6552
6541
6542
6537
6538
6539
6540
6533
6534
6535
6536
6530
6531
6532
6528
6529
6527
6525
6526
6524
6557
6558
6559
6561
6562
6560
6563
6554
6555
6556
6569
6570
6568
6571
6567
6572
6580
6579
6596
6594
6595
6589
6590
6593
6592
6591
6598
6597
6600
6601
6599
6605
6602
6603
6604
6606
6608
6609
6607
6610
6611
6612
6585
6586
6583
6582
6584
6581
6587
6588
6575
6576
6577
6574
6578
6573
6639
6640
6628
6629
6630
6632
6631
6625
6626
6627
6624
6622
6623
6621
6618
6619
6620
6617
6616
6636
6637
6635
6638
6633
6634
6643
6644
6641
6642
6645
6651
6652
6650
6666
6664
6665
6663
6661
6662
6671
6669
6670
6667
6668
6672
6676
6677
6673
6674
6675
6678
6680
6679
6654
6655
6656
6657
6653
6658
6659
6660
6646
6647
6648
6649
6711
6712
6699
6700
6701
6702
6703
6694
6695
6697
6696
6698
6693
6691
6692
6689
6690
6688
6685
6686
6687
6708
6709
6710
6707
6705
6706
6704
6715
6716
6714
6713
6722
6720
6721
6727
6728
6729
6730
6731
6732
6735
6734
6733
6723
6725
6724
6726
6717
6718
6719
6756
6757
6759
6758
6750
6746
6747
6748
6749
6745
6744
6743
6738
6739
6740
6741
6742
6754
6755
6752
6753
6751
6761
6760
6766
6767
6765
6774
6776
6775
6777
6778
6779
6780
6786
6785
6783
6784
6782
6781
6769
6770
6771
6768
6772
6773
6762
6763
6764
6808
6809
6802
6801
6800
6797
6798
6799
6791
6794
6795
6792
6793
6796
6806
6805
6804
6807
6803
6813
6810
6811
6812
6816
6821
6822
6823
6825
6824
6828
6827
6826
6818
6819
6817
6820
6815
6814
6846
6837
6838
6836
6834
6835
6832
6833
6843
6844
6840
6841
6842
6845
6839
6847
6849
6850
6855
6856
6857
6858
6859
6852
6853
6851
6854
6848
6870
6869
6864
6863
6862
6867
6868
6865
6866
6871
6873
6879
6880
6881
6882
6883
6884
6874
6877
6878
6875
6876
6872
6893
6892
6891
6889
6890
6898
6894
6896
6897
6895
6899
6904
6905
6906
6907
6908
6909
6901
6903
6902
6900
6918
6919
6917
6915
6916
6914
6913
6921
6920
6926
6927
6925
6928
6931
6929
6930
6932
6933
6934
6935
6936
6922
6923
6924
6952
6950
6951
6948
6949
6947
6946
6944
6945
6941
6942
6943
6940
6953
6954
6955
6956
6957
6961
6962
6964
6965
6963
6966
6967
6968
6969
6960
6959
6958
6979
6978
6976
6977
6975
6974
6973
6980
6981
6983
6984
6985
6986
6987
6988
6982
7000
6998
6999
6995
6996
6997
6994
6993
6991
6992
7001
7003
7004
7005
7006
7007
7008
7002
7016
7015
7014
7013
7011
7012
7017
7019
7020
7021
7022
7023
7024
7025
7026
7018
7039
7040
7041
7035
7036
7037
7038
7034
7033
7032
7030
7031
7029
7042
7043
7045
7046
7050
7049
7047
7048
7051
7052
7053
7054
7044
7066
7064
7065
7061
7063
7062
7060
7059
7057
7058
7067
7069
7070
7071
7072
7073
7074
7075
7076
7068
7083
7081
7082
7079
7080
7084
7088
7089
7090
7092
7091
7085
7086
7087
7099
7098
7097
7096
7101
7102
7100
7109
7110
7111
7112
7113
7114
7106
7107
7103
7104
7105
7108
7120
7119
7117
7118
7122
7123
7125
7124
7121
7132
7133
7135
7134
7129
7126
7127
7128
7130
7131
7141
7142
7139
7140
7144
7146
7145
7143
7152
7153
7151
7155
7154
7149
7147
7148
7150
7160
7161
7159
7158
7163
7164
7166
7167
7165
7162
7173
7174
7170
7168
7169
7171
7172
7178
7179
7177
7181
7182
7184
7183
7180
7190
7191
7192
7193
7194
7188
7187
7185
7186
7189
7202
7203
7201
7198
7199
7200
7205
7206
7207
7208
7209
7210
7204
7215
7216
7218
7217
7213
7212
7211
7214
7225
7226
7223
7224
7229
7230
7231
7232
7227
7228
7239
7240
7242
7241
7235
7236
7234
7233
7237
7238
7251
7249
7250
7247
7248
7253
7254
7255
7252
7258
7259
7261
7262
7260
7263
7256
7257
7272
7271
7269
7270
7268
7274
7275
7273
7281
7282
7284
7283
7285
7286
7287
7277
7278
7276
7279
7280
7297
7295
7296
7292
7293
7294
7291
7290
7301
7300
7302
7299
7298
7308
7309
7310
7311
7312
7313
7315
7316
7317
7318
7319
7314
7320
7303
7304
7305
7306
7307
7335
7336
7334
7333
7330
7331
7332
7328
7329
7325
7326
7327
7324
7340
7341
7342
7343
7337
7338
7339
7347
7346
7351
7352
7349
7350
7348
7354
7353
7357
7356
7355
7344
7345
7372
7373
7374
7375
7376
7377
7369
7370
7368
7371
7366
7367
7362
7363
7364
7365
7380
7381
7382
7383
7384
7378
7379
7394
7393
7391
7392
7398
7399
7400
7397
7395
7396
7401
7403
7402
7388
7386
7387
7385
7390
7389
7416
7415
7417
7413
7414
7408
7409
7410
7411
7412
7420
7421
7422
7423
7424
7425
7418
7419
7433
7434
7437
7435
7436
7440
7441
7439
7438
7431
7430
7429
7428
7426
7427
7432
7454
7452
7453
7451
7447
7446
7448
7449
7450
7456
7457
7458
7459
7460
7455
7466
7467
7468
7473
7472
7471
7469
7470
7463
7462
7461
7464
7465
7482
7483
7484
7478
7479
7481
7480
7487
7488
7486
7485
7495
7496
7497
7494
7503
7500
7501
7502
7498
7499
7492
7489
7490
7491
7493
7515
7514
7508
7511
7510
7509
7512
7513
7517
7519
7518
7516
7524
7525
7531
7528
7529
7530
7526
7527
7522
7520
7521
7523
7541
7542
7543
7539
7538
7536
7537
7540
7545
7546
7544
7549
7552
7550
7551
7547
7548
7561
7557
7558
7559
7560
7563
7562
7566
7567
7568
7571
7570
7569
7564
7565
7583
7581
7582
7576
7577
7578
7579
7580
7584
7587
7586
7589
7588
7585
7595
7594
7596
7598
7597
7603
7604
7605
7607
7606
7614
7615
7616
7617
7618
7622
7621
7623
7624
7627
7628
