2031
2032
2033
2034
2035
2036
2037
2038
2039
2040
2041
2042
2043
2044
2047
2048
2049
2045
2046
2050
2051
2052
2053
2054
2055
2057
2056
2058
2059
2060
2062
2061
2063
2064
2065
2066
2067
2068
2069
2070
2071
2079
2072
2073
2074
2075
2076
2077
2078
2080
2082
2081
2085
2083
2084
2086
2087
2088
2089
2092
2093
2094
2095
2091
2090
2101
2096
2097
2098
2099
2100
2102
2104
2116
2117
2115
2106
2107
2108
2109
2110
2111
2112
2113
2114
2105
2103
2138
2139
2118
2119
2120
2121
2137
2126
2127
2128
2129
2130
2131
2132
2133
2134
2135
2136
2125
2124
2122
2123
2140
2143
2144
2142
2161
2162
2145
2154
2155
2156
2153
2152
2151
2150
2148
2149
2147
2146
2157
2158
2159
2160
2141
2177
2178
2176
2179
2163
2170
2171
2169
2172
2173
2175
2174
2168
2166
2167
2165
2164
2180
2181
2187
2188
2189
2190
2191
2192
2193
2194
2195
2185
2186
2213
2214
2204
2205
2206
2207
2196
2197
2198
2199
2200
2201
2202
2203
2208
2209
2210
2211
2212
2183
2184
2182
2250
2251
2252
2253
2254
2255
2256
2257
2258
2259
2260
2249
2248
2247
2246
2215
2234
2228
2229
2230
2231
2232
2233
2226
2227
2223
2224
2225
2245
2242
2243
2244
2240
2241
2239
2237
2238
2236
2235
2219
2220
2221
2222
2218
2217
2216
2263
2261
2262
2264
2281
2282
2283
2284
2280
2277
2278
2279
2276
2273
2274
2275
2272
2271
2270
2268
2269
2285
2286
2287
2288
2313
2305
2301
2302
2303
2304
2299
2300
2298
2307
2308
2306
2289
2290
2291
2292
2293
2295
2296
2294
2297
2310
2309
2311
2312
2266
2267
2265
2342
2339
2340
2341
2343
2345
2344
2346
2347
2348
2349
2350
2351
2352
2338
2314
2322
2325
2324
2323
2326
2327
2317
2318
2319
2320
2321
2337
2335
2336
2334
2331
2332
2330
2333
2328
2329
2315
2316
2354
2353
2367
2365
2366
2362
2363
2364
2361
2360
2359
2358
2357
2390
2387
2388
2389
2386
2385
2396
2395
2394
2393
2391
2392
2368
2369
2370
2371
2372
2373
2374
2376
2377
2378
2379
2380
2381
2382
2383
2375
2384
2398
2397
2355
2356
2443
2445
2444
2447
2446
2448
2449
2450
2451
2452
2410
2412
2413
2414
2415
2416
2417
2411
2418
2419
2401
2402
2403
2404
2407
2408
2409
2405
2406
2441
2442
2439
2440
2438
2436
2437
2433
2429
2430
2431
2432
2428
2427
2426
2423
2424
2425
2422
2421
2434
2435
2420
2399
2400
2454
2453
2469
2470
2467
2468
2465
2466
2463
2464
2462
2459
2460
2461
2458
2457
2504
2502
2501
2497
2498
2499
2500
2496
2495
2503
2494
2493
2510
2509
2508
2505
2506
2507
2472
2471
2473
2474
2477
2480
2481
2482
2483
2479
2478
2484
2485
2488
2489
2490
2486
2487
2491
2476
2475
2492
2512
2513
2514
2511
2455
2456
2557
2556
2559
2558
2561
2560
2562
2563
2564
2566
2567
2565
2568
2569
2523
2524
2528
2531
2532
2533
2534
2535
2530
2529
2536
2525
2526
2527
2537
2538
2520
2522
2555
2554
2550
2551
2552
2553
2548
2545
2546
2547
2544
2542
2540
2541
2543
2539
2549
2517
2516
2515
2518
2519
2570
2588
2589
2586
2587
2584
2585
2580
2581
2582
2583
2579
2575
2576
2577
2578
2574
2572
2573
2622
2620
2617
2618
2619
2616
2614
2615
2612
2613
2621
2611
2610
2623
2590
2591
2592
2593
2594
2599
2600
2601
2602
2603
2604
2605
2606
2607
2608
2609
2595
2596
2597
2598
2628
2629
2630
2631
2632
2626
2627
2625
2571
2668
2667
2670
2669
2672
2671
2675
2674
2673
2676
2677
2679
2678
2680
2682
2683
2681
2640
2642
2643
2644
2645
2646
2647
2650
2648
2649
2641
2651
2652
2666
2664
2665
2662
2663
2659
2658
2657
2655
2656
2654
2653
2661
2660
2636
2635
2634
2633
2637
2638
2684
2685
2704
2705
2702
2703
2700
2701
2698
2699
2697
2694
2695
2696
2693
2690
2691
2692
2688
2689
2728
2725
2724
2723
2721
2722
2718
2720
2719
2726
2727
2717
2716
2706
2708
2707
2709
2710
2713
2714
2715
2711
2712
2735
2736
2737
2738
2733
2734
2730
2731
2732
2687
2686
2773
2771
2772
2775
2774
2777
2776
2779
2778
2780
2782
2781
2783
2787
2785
2786
2784
2790
2788
2789
2751
2754
2756
2757
2755
2759
2758
2753
2752
2760
2761
2769
2770
2768
2764
2762
2763
2767
2765
2766
2743
2741
2742
2740
2739
2744
2747
2746
2745
2791
2792
2793
2815
2817
2816
2813
2814
2812
2810
2811
2809
2808
2807
2803
2805
2804
2806
2797
2798
2800
2801
2802
2799
2836
2833
2830
2831
2832
2829
2834
2835
2828
2827
2819
2818
2824
2825
2826
2823
2821
2822
2820
2843
2844
2845
2846
2842
2840
2841
2795
2796
2794
2879
2880
2878
2882
2881
2883
2884
2885
2886
2887
2888
2890
2889
2895
2896
2897
2898
2899
2894
2892
2891
2893
2855
2864
2867
2868
2869
2865
2866
2870
2857
2858
2859
2860
2861
2862
2863
2856
2871
2872
2876
2877
2874
2873
2875
2849
2848
2847
2850
2851
2901
2902
2900
2925
2924
2926
2923
2922
2921
2920
2919
2918
2915
2916
2917
2909
2910
2907
2908
2906
2905
2911
2912
2913
2914
2947
2937
2938
2934
2936
2935
2933
2945
2942
2943
2944
2939
2940
2941
2946
2932
2929
2930
2931
2927
2928
2951
2952
2953
2954
2950
2949
2903
2904
2983
2981
2982
2984
2985
2986
2987
2988
2989
2992
2990
2991
2998
2999
3000
3001
3002
3003
2997
2994
2995
2996
2993
2961
2968
2967
2971
2972
2973
2974
2969
2970
2975
2963
2964
2966
2965
2962
2976
2978
2977
2980
2979
2957
2956
2955
2958
2959
3005
3004
3037
3040
3038
3039
3036
3035
3034
3033
3032
3030
3031
3028
3029
3016
3015
3013
3014
3012
3010
3011
3008
3009
3017
3024
3025
3026
3019
3020
3021
3022
3023
3018
3027
3059
3051
3052
3053
3046
3047
3048
3045
3050
3049
3057
3056
3054
3055
3058
3043
3044
3041
3042
3064
3065
3066
3067
3061
3062
3063
3006
3007
3093
3092
3094
3095
3096
3097
3098
3099
3100
3101
3102
3103
3105
3104
3116
3117
3118
3119
3107
3108
3115
3114
3110
3111
3112
3113
3109
3106
3074
3084
3083
3082
3089
3087
3088
3085
3086
3076
3077
3080
3081
3078
3079
3075
3091
3090
3069
3068
3071
3070
3123
3124
3125
3120
3121
3122
3160
3159
3158
3157
3149
3150
3151
3152
3153
3154
3155
3156
3146
3147
3148
3145
3143
3144
3136
3135
3133
3134
3131
3132
3141
3137
3140
3139
3138
3142
3179
3171
3172
3163
3164
3165
3166
3167
3168
3170
3169
3178
3177
3173
3174
3176
3175
3161
3162
3185
3186
3187
3188
3182
3183
3184
3126
3130
3128
3129
3127
3213
3214
3215
3216
3223
3224
3225
3226
3222
3221
3219
3220
3217
3218
3231
3227
3228
3229
3230
3232
3234
3233
3239
3240
3241
3242
3243
3235
3238
3236
3237
3193
3201
3202
3203
3199
3200
3211
3207
3208
3209
3210
3206
3204
3205
3194
3195
3196
3197
3198
3212
3190
3189
3191
3247
3245
3246
3244
3291
3290
3289
3277
3278
3279
3280
3281
3282
3283
3275
3276
3284
3285
3286
3287
3288
3268
3269
3270
3271
3272
3273
3274
3267
3266
3265
3262
3263
3264
3257
3255
3256
3254
3253
3258
3261
3259
3260
3305
3306
3299
3298
3301
3300
3293
3295
3294
3297
3296
3304
3303
3302
3292
3308
3309
3310
3248
3250
3249
3251
3252
3335
3336
3337
3338
3354
3346
3347
3348
3349
3350
3351
3352
3353
3345
3355
3343
3344
3342
3341
3340
3339
3361
3360
3359
3356
3357
3358
3362
3363
3364
3365
3366
3371
3369
3370
3367
3368
3374
3375
3376
3377
3378
3373
3372
3317
3323
3324
3322
3332
3333
3327
3328
3329
3330
3331
3325
3326
3318
3319
3320
3321
3334
3314
3311
3312
3313
3380
3379
3429
3430
3428
3404
3420
3421
3422
3409
3410
3411
3412
3413
3414
3415
3416
3417
3418
3419
3408
3405
3406
3407
3423
3403
3425
3424
3426
3427
3398
3399
3401
3402
3400
3397
3394
3395
3396
3393
3392
3389
3390
3391
3384
3385
3383
3382
3381
3386
3387
3388
3447
3439
3438
3440
3432
3435
3434
3433
3437
3436
3445
3446
3444
3442
3443
3441
3431
3449
3468
3469
3470
3490
3479
3477
3478
3486
3484
3485
3481
3482
3483
3480
3487
3489
3488
3491
3474
3475
3476
3472
3473
3471
3496
3495
3494
3492
3493
3497
3498
3499
3502
3503
3501
3500
3504
3505
3507
3506
3509
3510
3508
3453
3459
3460
3461
3458
3466
3464
3465
3462
3463
3454
3455
3456
3457
3467
3450
3451
3548
3547
3546
3528
3537
3538
3539
3535
3536
3534
3529
3530
3531
3532
3533
3542
3541
3540
3543
3544
3545
3520
3521
3522
3523
3524
3527
3525
3526
3519
3518
3517
3515
3516
3513
3514
3511
3512
3565
3557
3556
3558
3549
3550
3551
3553
3554
3555
3552
3564
3563
3562
3559
3560
3561
3568
3586
3587
3588
3599
3598
3604
3601
3602
3603
3600
3593
3594
3595
3596
3597
3590
3591
3592
3589
3607
3608
3609
3606
3605
3610
3611
3613
3612
3614
3615
3616
3577
3575
3576
3585
3582
3583
3584
3581
3579
3578
3580
3571
3572
3573
3574
3569
3641
3642
3643
3640
3630
3631
3628
3629
3637
3635
3636
3633
3634
3632
3638
3639
3626
3625
3627
3624
3623
3620
3621
3622
3619
3618
3617
3653
3654
3655
3656
3644
3647
3648
3645
3646
3649
3650
3652
3651
3658
3657
3679
3680
3678
3681
3682
3692
3693
3690
3691
3695
3696
3694
3685
3686
3687
3688
3689
3684
3683
3698
3699
3697
3700
3701
3702
3705
3704
3703
3706
3707
3666
3665
3677
3670
3671
3672
3673
3675
3676
3674
3669
3667
3668
3661
3662
3663
3664
3737
3738
3736
3739
3735
3734
3724
3725
3726
3723
3728
3727
3720
3721
3722
3731
3732
3733
3730
3729
3719
3717
3718
3714
3715
3716
3713
3710
3711
3712
3709
3708
3748
3749
3740
3744
3743
3742
3741
3745
3747
3746
3756
3750
3751
3752
3753
3754
3755
3781
3779
3780
3782
3778
3783
3784
3790
3789
3794
3791
3792
3793
3787
3788
3786
3785
3795
3796
3797
3798
3799
3800
3801
3802
3805
3803
3804
3806
3807
3768
3765
3766
3767
3776
3777
3772
3773
3774
3775
3771
3769
3770
3760
3764
3762
3763
3761
3828
3829
3830
3831
3827
3826
3821
3819
3820
3822
3823
3824
3825
3818
3817
3816
3815
3814
3813
3812
3808
3809
3810
3811
3841
3842
3832
3833
3837
3836
3835
3834
3838
3840
3839
3847
3843
3844
3845
3846
3871
3870
3872
3873
3879
3881
3880
3877
3878
3875
3876
3874
3882
3883
3884
3885
3894
3889
3890
3891
3892
3893
3888
3886
3887
3855
3854
3869
3868
3861
3862
3863
3864
3865
3866
3867
3859
3860
3856
3857
3858
3850
3853
3852
3851
3925
3926
3924
3917
3911
3912
3913
3914
3915
3916
3920
3918
3919
3922
3921
3923
3910
3909
3908
3895
3898
3897
3896
3899
3900
3901
3905
3906
3907
3902
3903
3904
3943
3944
3945
3946
3927
3928
3939
3937
3938
3934
3935
3936
3933
3930
3931
3932
3929
3940
3942
3941
3951
3947
3948
3949
3950
3983
3982
3984
3985
3991
3992
3996
3995
3994
3993
3990
3988
3989
3986
3987
3997
3998
3999
4000
4001
4002
4003
4009
4010
4006
4007
4008
4005
4004
3959
3960
3961
3962
3963
3964
3965
3958
3981
3969
3970
3971
3972
3973
3974
3975
3976
3977
3979
3978
3980
3968
3966
3967
3955
3956
3957
4035
4034
4028
4027
4025
4026
4029
4031
4030
4033
4032
4023
4024
4022
4021
4018
4019
4020
4017
4016
4011
4013
4012
4014
4015
4057
4058
4059
4060
4061
4062
4063
4054
4055
4056
4036
4049
4048
4047
4045
4046
4044
4043
4039
4040
4041
4042
4037
4038
4050
4051
4053
4052
4065
4064
4092
4093
4094
4095
4102
4103
4101
4097
4098
4099
4100
4096
4104
4105
4106
4111
4110
4107
4108
4109
4112
4117
4114
4115
4116
4113
4075
4076
4077
4073
4074
4071
4072
4070
4091
4082
4083
4085
4084
4087
4088
4089
4086
4090
4081
4080
4078
4079
4068
4069
4138
4137
4135
4136
4134
4130
4129
4131
4132
4133
4128
4127
4126
4123
4124
4125
4122
4118
4121
4120
4119
4152
4151
4154
4153
4155
4156
4139
4146
4145
4141
4142
4143
4144
4140
4147
4149
4150
4148
4158
4157
4194
4196
4195
4197
4203
4204
4202
4201
4198
4199
4200
4205
4206
4207
4210
4209
4208
4213
4211
4212
4168
4169
4167
4166
4191
4192
4193
4174
4175
4176
4177
4178
4179
4180
4181
4182
4183
4184
4188
4189
4187
4185
4186
4190
4173
4171
4170
4172
4163
4164
4165
4234
4235
4233
4226
4223
4224
4225
4227
4228
4232
4231
4229
4230
4220
4221
4222
4219
4216
4217
4218
4214
4215
4262
4260
4261
4263
4237
4236
4252
4247
4248
4249
4250
4251
4246
4245
4240
4239
4241
4242
4243
4244
4238
4253
4259
4254
4255
4256
4257
4258
4265
4264
4293
4294
4295
4301
4303
4304
4302
4300
4296
4297
4298
4299
4306
4305
4307
4309
4308
4311
4310
4270
4271
4272
4273
4274
4269
4292
4281
4285
4284
4282
4283
4286
4290
4289
4288
4287
4291
4279
4280
4275
4278
4276
4277
4268
4331
4332
4330
4329
4321
4318
4319
4320
4322
4328
4327
4324
4325
4326
4323
4316
4317
4315
4314
4312
4313
4357
4356
4355
4353
4354
4358
4359
4346
4341
4342
4343
4344
4345
4339
4340
4335
4336
4337
4338
4333
4334
4347
4352
4348
4350
4351
4349
4360
4392
4393
4402
4405
4404
4403
4401
4394
4395
4397
4398
4399
4396
4400
4407
4406
4408
4409
4410
4412
4411
4367
4368
4369
4370
4371
4373
4372
4365
4366
4364
4379
4383
4382
4381
4380
4384
4389
4387
4388
4386
4385
4391
4390
4378
4374
4377
4375
4376
4363
4432
4423
4424
4418
4419
4420
4421
4422
4425
4430
4431
4428
4427
4429
4426
4416
4417
4415
4414
4413
4458
4459
4457
4454
4455
4456
4453
4460
4461
4447
4443
4444
4445
4446
4442
4436
4437
4438
4439
4440
4441
4433
4434
4435
4448
4452
4451
4449
4450
4462
4463
4510
4518
4522
4521
4519
4520
4517
4514
4511
4512
4513
4516
4515
4524
4525
4523
4526
4527
4528
4473
4472
4477
4478
4479
4480
4481
4482
4475
4476
4474
4471
4470
4491
4497
4496
4495
4492
4493
4494
4498
4504
4502
4503
4501
4500
4499
4508
4509
4506
4507
4505
4490
4483
4484
4489
4485
4486
4487
4488
4468
4469
4467
4543
4536
4534
4535
4537
4538
4542
4541
4540
4539
4532
4533
4531
4530
4529
4582
4583
4574
4573
4572
4569
4570
4571
4568
4575
4576
4577
4578
4579
4580
4581
4584
4585
4586
4562
4557
4558
4559
4561
4560
4556
4547
4549
4548
4550
4551
4552
4553
4554
4555
4544
4545
4546
4563
4567
4566
4564
4565
4588
4587
4589
4635
4642
4640
4641
4636
4637
4638
4639
4643
4644
4645
4646
4647
4599
4600
4597
4598
4606
4607
4608
4609
4610
4611
4612
4605
4604
4603
4601
4602
4596
4595
4593
4594
4617
4624
4623
4620
4621
4622
4618
4619
4625
4631
4630
4628
4629
4627
4626
4633
4634
4632
4616
4613
4614
4615
4592
4660
4652
4653
4654
4655
4659
4657
4658
4656
4651
4650
4649
4648
4691
4690
4686
4685
4683
4684
4682
4687
4689
4688
4692
4693
4694
4695
4696
4677
4672
4673
4675
4674
4676
4670
4671
4664
4665
4667
4666
4668
4669
4661
4662
4663
4678
4681
4680
4679
4697
4731
4732
4739
4740
4741
4742
4738
4737
4736
4733
4734
4735
4743
4744
4745
4746
4704
4706
4707
4708
4709
4710
4705
4703
4702
4701
4716
4719
4718
4717
4720
4726
4725
4723
4724
4722
4721
4730
4727
4728
4729
4714
4715
4711
4712
4713
4700
4763
4762
4753
4754
4755
4756
4752
4751
4757
4761
4760
4758
4759
4749
4750
4748
4747
4793
4791
4789
4790
4788
4792
4794
4782
4779
4780
4781
4776
4777
4778
4767
4768
4769
4770
4772
4771
4773
4774
4775
4764
4766
4765
4784
4785
4783
4786
4787
4795
4843
4842
4841
4844
4837
4838
4840
4839
4845
4846
4847
4848
4849
4803
4804
4805
4801
4802
4799
4800
4812
4817
4816
4813
4814
4815
4821
4819
4820
4818
4834
4833
4831
4832
4825
4826
4827
4828
4829
4830
4824
4822
4823
4836
4835
4808
4809
4810
4811
4807
4806
4798
4856
4857
4858
4855
4859
4854
4853
4852
4851
4850
4901
4899
4900
4898
4902
4903
4904
4889
4890
4891
4892
4883
4884
4885
4887
4888
4886
4877
4878
4879
4880
4881
4882
4862
4864
4865
4863
4872
4873
4869
4870
4871
4867
4868
4866
4874
4876
4875
4860
4861
4894
4893
4895
4896
4897
4905
4951
4952
4953
4954
4955
4949
4950
4956
4957
4958
4959
4960
4913
4914
4915
4916
4912
4911
4924
4925
4922
4923
4920
4921
4929
4930
4927
4928
4926
4946
4944
4945
4936
4935
4938
4939
4940
4937
4941
4942
4943
4934
4931
4932
4933
4948
4947
4918
4919
4917
4909
4910
4971
4972
4973
4974
4975
4976
4977
4969
4970
4968
4967
4978
4979
4966
4965
4963
4964
4961
4962
5009
5008
5010
5011
5012
4997
4998
4999
5003
5000
5001
5002
4995
4996
4982
4983
4984
4989
4990
4988
4987
4986
4985
4991
4994
4992
4993
4980
4981
5006
5004
5005
5007
5014
5015
5016
5017
5013
5074
5075
5070
5071
5072
5073
5069
5068
5067
5066
5076
5077
5065
5078
5079
5080
5034
5035
5033
5031
5032
5028
5029
5030
5046
5047
5045
5042
5044
5043
5049
5050
5048
5061
5059
5060
5055
5054
5056
5057
5058
5053
5051
5052
5063
5064
5062
5037
5038
5040
5041
5039
5036
5026
5025
5027
5088
5086
5087
5091
5092
5093
5094
5095
5096
5097
5089
5090
5098
5099
5100
5101
5102
5083
5084
5085
5103
5104
5105
5081
5082
5138
5136
5137
5139
5141
5140
5125
5126
5123
5124
5127
5130
5128
5129
5121
5120
5122
5108
5109
5115
5111
5112
5113
5114
5110
5116
5117
5119
5118
5106
5107
5134
5133
5132
5131
5135
5142
5143
5211
5209
5210
5208
5207
5205
5206
5212
5213
5214
5203
5204
5202
5200
5201
5199
5194
5195
5196
5197
5198
5215
5193
5192
5190
5191
5216
5159
5160
5154
5155
5156
5157
5158
5152
5153
5169
5171
5170
5168
5165
5167
5166
5173
5172
5185
5186
5184
5181
5183
5182
5179
5180
5178
5174
5175
5176
5177
5189
5187
5188
5162
5163
5164
5161
5151
5228
5229
5231
5230
5225
5226
5227
5224
5222
5223
5237
5232
5233
5234
5235
5236
5238
5239
5240
5248
5247
5242
5243
5244
5245
5246
5241
5218
5219
5220
5221
5249
5217
5283
5281
5282
5287
5286
5285
5284
5290
5288
5289
5269
5267
5268
5270
5274
5275
5276
5271
5272
5273
5265
5266
5253
5252
5254
5258
5255
5256
5257
5260
5261
5259
5262
5264
5263
5250
5251
5279
5277
5278
5280
5291
5360
5358
5359
5355
5356
5357
5364
5361
5362
5363
5365
5366
5351
5353
5354
5352
5350
5349
5338
5339
5340
5348
5344
5345
5346
5347
5343
5341
5342
5369
5370
5368
5367
5337
5371
5306
5305
5302
5303
5304
5299
5300
5301
5314
5316
5315
5310
5311
5313
5312
5318
5317
5333
5334
5332
5324
5325
5326
5327
5328
5330
5331
5329
5323
5322
5319
5320
5321
5336
5335
5308
5309
5307
5298
5378
5379
5381
5380
5383
5382
5377
5376
5385
5384
5386
5387
5388
5398
5396
5397
5393
5390
5391
5392
5389
5395
5394
5373
5372
5374
5375
5399
5434
5435
5437
5438
5436
5441
5440
5439
5425
5421
5422
5423
5424
5430
5429
5426
5427
5428
5419
5420
5403
5402
5404
5413
5414
5412
5411
5410
5406
5407
5405
5408
5409
5415
5418
5417
5416
5400
5401
5432
5431
5433
5442
5504
5505
5506
5507
5501
5502
5503
5508
5499
5500
5498
5496
5497
5487
5489
5488
5491
5494
5495
5492
5493
5490
5513
5512
5509
5510
5511
5486
5456
5455
5453
5452
5454
5450
5451
5465
5467
5466
5460
5461
5464
5463
5462
5469
5468
5481
5482
5483
5480
5472
5473
5474
5477
5478
5475
5476
5479
5471
5470
5485
5484
5458
5459
5457
5449
5514
5518
5517
5515
5516
5519
5520
5521
5531
5529
5530
5527
5524
5522
5523
5526
5525
5528
5532
5564
5566
5567
5565
5569
5568
5554
5552
5553
5559
5555
5556
5557
5558
5550
5551
5537
5536
5535
5538
5545
5544
5540
5543
5541
5542
5539
5546
5547
5548
5549
5533
5534
5561
5562
5560
5563
5570
5619
5618
5614
5616
5617
5615
5581
5579
5578
5580
5576
5577
5593
5594
5585
5586
5587
5588
5589
5590
5592
5591
5595
5608
5609
5610
5607
5598
5599
5600
5605
5601
5603
5604
5602
5606
5597
5596
5612
5613
5611
5583
5584
5582
5575
5620
5621
5623
5622
5655
5656
5657
5660
5661
5662
5658
5659
5643
5650
5646
5647
5648
5649
5645
5644
5642
5629
5628
5627
5630
5639
5638
5632
5633
5636
5637
5634
5635
5631
5640
5641
5625
5624
5626
5652
5653
5651
5654
5663
5710
5709
5707
5708
5674
5673
5671
5670
5672
5687
5680
5681
5682
5679
5683
5684
5685
5686
5688
5701
5702
5703
5704
5699
5700
5691
5692
5696
5694
5693
5695
5697
5698
5690
5689
5706
5705
5676
5677
5678
5675
5669
5711
5712
5714
5715
5716
5713
5745
5746
5748
5749
5747
5732
5738
5736
5737
5735
5733
5734
5731
5721
5719
5720
5722
5727
5728
5726
5724
5725
5723
5729
5730
5717
5718
5743
5741
5742
5739
5740
5744
5750
5796
5797
5795
5793
5792
5791
5794
5761
5760
5758
5757
5759
5773
5765
5767
5768
5766
5769
5770
5771
5772
5774
5787
5788
5785
5786
5777
5778
5779
5781
5780
5782
5783
5784
5775
5776
5790
5789
5763
5764
5762
5756
5798
5799
5800
5802
5801
5839
5840
5841
5842
5843
5820
5828
5827
5829
5825
5826
5824
5821
5822
5823
5818
5819
5806
5807
5805
5808
5815
5814
5812
5813
5810
5811
5809
5817
5816
5803
5804
5831
5832
5833
5830
5834
5835
5836
5837
5838
5844
5893
5892
5891
5856
5857
5855
5854
5852
5853
5866
5863
5864
5865
5867
5885
5884
5886
5887
5888
5883
5870
5871
5876
5872
5873
5874
5875
5879
5877
5878
5880
5881
5882
5868
5869
5890
5889
5861
5860
5862
5859
5858
5850
5851
5894
5895
5929
5930
5931
5932
5933
5918
5921
5922
5920
5919
5917
5901
5902
5900
5899
5903
5915
5914
5909
5910
5913
5911
5912
5908
5906
5907
5905
5904
5916
5896
5897
5898
5924
5925
5926
5927
5923
5928
5935
5934
5987
5986
5945
5944
5943
5957
5953
5954
5951
5952
5955
5956
5958
5959
5960
5979
5978
5980
5981
5982
5983
5977
5962
5963
5969
5970
5968
5964
5966
5967
5965
5971
5973
5972
5974
5975
5976
5961
5985
5984
5949
5948
5947
5950
5946
5941
5942
5988
5989
6028
6029
6017
6021
6022
6019
6020
6018
6014
6015
6016
6013
5997
5998
5996
5995
5994
5993
5999
6011
6009
6010
6004
6005
6007
6008
6006
6003
6002
6001
6000
6012
5990
5991
5992
6024
6025
6026
6023
6027
6031
6030
6078
6077
6039
6038
6050
6046
6048
6047
6049
6052
6051
6069
6070
6068
6071
6072
6073
6074
6067
6054
6056
6055
6061
6062
6060
6057
6058
6059
6063
6064
6065
6066
6053
6076
6075
6043
6042
6041
6044
6045
6040
6036
6037
6079
6080
6119
6120
6110
6112
6113
6111
6108
6109
6089
6090
6091
6088
6086
6087
6084
6085
6092
6106
6104
6105
6098
6099
6100
6101
6103
6102
6095
6096
6097
6094
6093
6107
6081
6082
6083
6115
6116
6117
6114
6118
6121
6122
6171
6170
6128
6125
6126
6127
6138
6139
6136
6135
6137
6140
6162
6163
6164
6165
6167
6166
6161
6142
6143
6144
6150
6149
6148
6147
6145
6146
6156
6157
6151
6152
6153
6154
6155
6158
6159
6160
6141
6169
6168
6133
6132
6131
6134
6129
6130
6172
6173
6215
6216
6218
6217
6206
6204
6205
6209
6207
6208
6180
6178
6179
6177
6176
6181
6202
6201
6200
6194
6195
6196
6197
6199
6198
6185
6184
6191
6192
6193
6190
6189
6186
6187
6188
6182
6183
6203
6174
6175
6211
6212
6210
6214
6213
6255
6223
6221
6222
6232
6233
6229
6230
6231
6250
6251
6252
6249
6235
6236
6242
6240
6241
6239
6237
6238
6246
6243
6244
6245
6248
6247
6234
6254
6253
6227
6226
6228
6224
6225
6256
6290
6292
6293
6291
6283
6282
6285
6286
6284
6262
6261
6263
6280
6279
6271
6272
6276
6273
6274
6275
6277
6278
6269
6270
6268
6266
6267
6264
6265
6281
6257
6258
6259
6260
6288
6287
6289
6333
6334
6335
6300
6298
6297
6299
6308
6309
6310
6311
6304
6305
6306
6307
6327
6326
6313
6314
6320
6319
6318
6317
6316
6315
6322
6321
6323
6325
6324
6312
6332
6330
6331
6328
6329
6302
6303
6301
6338
6339
6337
6336
6369
6372
6373
6374
6375
6370
6371
6360
6361
6364
6363
6362
6344
6345
6358
6357
6352
6353
6354
6355
6356
6349
6350
6351
6348
6346
6347
6359
6340
6341
6342
6343
6366
6365
6367
6368
6424
6425
6423
6426
6386
6387
6383
6382
6381
6379
6380
6385
6384
6395
6392
6393
6394
6415
6413
6414
6397
6398
6404
6402
6403
6401
6400
6399
6409
6407
6408
6405
6406
6410
6411
6412
6396
6420
6421
6422
6419
6416
6417
6418
6389
6390
6391
6388
6428
6429
6427
6465
6464
6468
6469
6470
6471
6466
6467
6456
6459
6460
6458
6457
6434
6435
6437
6436
6454
6452
6453
6447
6448
6449
6450
6451
6444
6442
6443
6446
6445
6440
6441
6439
6438
6455
6431
6430
6433
6432
6463
6461
6462
6526
6527
6525
6528
6483
6478
6479
6480
6477
6476
6475
6482
6481
6498
6492
6493
6491
6494
6495
6496
6497
6518
6517
6514
6515
6516
6500
6501
6502
6506
6505
6504
6503
6510
6507
6508
6509
6512
6511
6513
6499
6521
6522
6523
6524
6519
6520
6484
6485
6486
6489
6490
6487
6488
6530
6531
6532
6529
6574
6575
6576
6579
6580
6578
6581
6582
6577
6564
6565
6566
6563
6562
6561
6539
6540
6542
6541
6558
6559
6557
6556
6552
6553
6554
6555
6548
6551
6550
6549
6544
6545
6546
6547
6543
6560
6537
6536
6534
6535
6533
6538
6573
6572
6568
6567
6569
6570
6571
6640
6639
6641
6594
6593
6589
6590
6588
6587
6591
6592
6604
6605
6603
6602
6606
6607
6608
6631
6630
6611
6610
6612
6616
6617
6615
6614
6613
6623
6624
6618
6619
6620
6621
6622
6628
6627
6626
6625
6629
6609
6634
6635
6636
6637
6638
6632
6633
6595
6596
6597
6601
6599
6600
6598
6642
6643
6684
6685
6687
6688
6686
6675
6676
6677
6674
6673
6672
6649
6650
6651
6668
6669
6667
6662
6663
6664
6665
6666
6656
6657
6655
6661
6660
6659
6658
6652
6653
6654
6670
6671
6646
6647
6645
6644
6648
6682
6683
6681
6678
6679
6680
6740
6739
6696
6697
6695
6692
6691
6693
6694
6705
6706
6707
6732
6731
6730
6712
6711
6713
6714
6719
6720
6718
6716
6717
6715
6725
6726
6721
6722
6723
6724
6729
6728
6727
6710
6708
6709
6737
6734
6735
6736
6738
6733
6699
6700
6698
6704
6703
6701
6702
6741
6742
6743
6744
6784
6787
6788
6786
6785
6778
6777
6776
6749
6750
6774
6772
6773
6771
6762
6763
6764
6765
6766
6768
6769
6767
6770
6755
6761
6758
6759
6760
6757
6756
6751
6752
6753
6754
6775
6746
6747
6745
6748
6783
6782
6779
6780
6781
6836
6834
6835
6796
6792
6793
6794
6795
6801
6802
6827
6828
6826
6803
6804
6812
6813
6811
6808
6809
6806
6807
6810
6805
6821
6822
6823
6814
6815
6816
6817
6818
6819
6820
6825
6824
6832
6830
6831
6833
6829
6797
6798
6800
6799
6837
6838
6876
6875
6869
6870
6868
6844
6845
6842
6843
6846
6867
6860
6861
6864
6863
6865
6862
6866
6859
6854
6855
6856
6857
6858
6853
6852
6851
6850
6847
6848
6849
6840
6839
6841
6874
6873
6871
6872
6934
6935
6936
6879
6880
6881
6891
6892
6924
6927
6928
6929
6925
6926
6922
6923
6893
6907
6908
6906
6895
6896
6897
6898
6899
6900
6901
6902
6903
6904
6905
6894
6911
6909
6910
6912
6913
6914
6919
6920
6921
6918
6915
6916
6917
6931
6932
6933
6930
6882
6883
6884
6885
6888
6889
6890
6886
6887
6993
6991
6992
6982
6981
6948
6943
6945
6946
6947
6944
6950
6949
6978
6979
6980
6967
6966
6968
6976
6975
6974
6973
6972
6971
6970
6969
6977
6963
6964
6965
6962
6960
6961
6959
6952
6953
6954
6951
6955
6956
6958
6957
6941
6939
6940
6937
6938
6942
6988
6989
6990
6987
6984
6983
6986
6985
6996
6998
6997
7003
7004
7005
7028
7033
7034
7031
7032
7030
7029
7027
7006
7016
7008
7009
7010
7011
7012
7013
7014
7015
7007
7018
7017
7020
7019
7021
7026
7025
7024
7022
7023
7036
7037
7035
7000
7001
6999
7002
7086
7087
7088
7084
7085
7078
7079
7076
7077
7075
7048
7044
7043
7045
7046
7047
7049
7074
7064
7072
7071
7070
7068
7069
7067
7066
7065
7073
7062
7063
7058
7059
7060
7061
7056
7057
7050
7051
7055
7052
7053
7054
7040
7038
7039
7041
7042
7082
7081
7083
7080
7097
7095
7096
7094
7099
7098
7104
7105
7133
7141
7140
7139
7134
7135
7136
7137
7138
7131
7132
7106
7121
7108
7109
7110
7111
7112
7113
7114
7115
7116
7117
7118
7119
7120
7107
7122
7124
7125
7123
7127
7126
7128
7130
7129
7144
7146
7145
7143
7142
7101
7102
7100
7103
7200
7199
7201
7197
7198
7192
7193
7191
7166
7154
7155
7156
7162
7163
7164
7165
7158
7159
7160
7161
7157
7168
7167
7190
7175
7188
7186
7187
7185
7184
7183
7181
7182
7179
7180
7178
7177
7176
7189
7174
7173
7171
7172
7170
7169
7150
7147
7148
7149
7151
7152
7153
7196
7195
7194
7204
7205
7211
7212
7235
7236
7240
7237
7238
7239
7233
7234
7213
7226
7215
7217
7218
7216
7219
7220
7222
7221
7223
7224
7225
7214
7227
7228
7229
7230
7231
7232
7244
7243
7242
7241
7206
7207
7208
7209
7210
7286
7287
7281
7279
7280
7257
7249
7250
7251
7253
7254
7255
7256
7252
7259
7258
7278
7267
7276
7275
7274
7272
7273
7271
7270
7269
7268
7277
7266
7265
7262
7263
7264
7261
7260
7245
7246
7247
7248
7285
7284
7283
7282
7292
7299
7300
7301
7321
7324
7325
7326
7323
7322
7319
7320
7313
7314
7303
7304
7305
7306
7307
7308
7309
7310
7311
7312
7302
7315
7316
7317
7318
7329
7328
7327
7293
7294
7295
7296
7297
7298
7364
7365
7356
7355
7337
7333
7334
7332
7335
7336
7338
7343
7341
7342
7353
7351
7352
7350
7349
7348
7347
7346
7344
7345
7354
7340
7339
7330
7331
7363
7361
7362
7359
7360
7358
7357
7371
7372
7393
7396
7395
7394
7392
7384
7385
7386
7387
7388
7389
7374
7376
7375
7377
7378
7379
7380
7381
7383
7382
7373
7390
7391
7397
7368
7369
7370
7418
7417
7400
7399
7401
7407
7406
7405
7404
7413
7414
7412
7411
7410
7408
7409
7415
7416
7403
7402
7398
7421
7420
7419
7427
7428
7448
7449
7450
7447
7440
7441
7442
7443
7444
7445
7431
7432
7433
7434
7435
7436
7437
7438
7439
7430
7429
7446
7451
7424
7425
7426
7474
7473
7456
7455
7453
7454
7457
7463
7461
7462
7459
7460
7458
7470
7469
7468
7467
7466
7465
7464
7471
7472
7452
7477
7476
7475
7483
7484
7497
7498
7496
7493
7494
7495
7487
7488
7489
7490
7491
7492
7486
7485
7499
7480
7481
7482
7513
7512
7501
7502
7505
7504
7503
7509
7508
7507
7506
7510
7511
7500
7515
7516
7517
7518
7519
7514
7534
7535
7546
7545
7543
7544
7539
7540
7541
7542
7538
7536
7537
7547
7531
7532
7529
7530
7528
7527
7533
7561
7562
7560
7549
7550
7552
7551
7556
7555
7554
7553
7557
7559
7558
7548
7565
7566
7564
7567
7568
7563
7579
7578
7580
7590
7591
7592
7589
7587
7588
7583
7584
7585
7586
7582
7581
7593
7594
7595
7576
7575
7574
7571
7572
7573
7577
7612
7611
7601
7600
7599
7602
7603
7607
7608
7606
7605
7604
7609
7610
7598
7596
7597
7614
7615
7616
7617
7620
7619
7618
7613
7630
7631
7632
7633
7634
7647
7648
7649
7646
7644
7645
7638
7639
7640
7641
7642
7643
7636
7637
7635
7650
7652
7651
7628
7627
7626
7623
7624
7625
7629
7672
7671
7670
7657
7656
7655
7659
7658
7666
7665
7664
7663
7662
7660
7661
7668
7667
7669
7654
7653
7674
7675
7676
7677
7678
7673
7687
7688
7689
7701
7702
7703
7699
7700
7693
7694
7695
7696
7697
7698
7691
7692
7690
7704
7685
7684
7683
7682
7681
7686
7720
7719
7718
7706
7708
7707
7713
7712
7711
7710
7709
7715
7716
7714
7717
7705
7722
7723
7724
7725
7726
7727
7721
7738
7739
7740
7741
7756
7754
7755
7747
7748
7749
7750
7751
7752
7753
7744
7745
7743
7746
7742
7757
7736
7735
7734
7733
7732
7737
7787
7788
7786
7785
7764
7765
7766
7777
7775
7776
7774
7773
7771
7772
7769
7770
7767
7768
7782
7783
7778
7779
7780
7781
7784
7758
7759
7760
7761
7762
7763
7792
7793
7794
7795
7796
7797
7789
7790
7791
7813
7814
7815
7830
7829
7828
7820
7821
7822
7823
7824
7825
7827
7826
7817
7819
7818
7816
7835
7832
7833
7834
7831
7809
7808
7807
7806
7805
7803
7804
7812
7810
7811
7859
7858
7857
7840
7841
7842
7850
7848
7849
7847
7846
7843
7844
7845
7852
7851
7853
7854
7855
7856
7838
7839
7837
7836
7863
7864
7865
7866
7867
7868
7860
7862
7861
7881
7882
7883
7884
7898
7897
7891
7892
7893
7896
7895
7894
7890
7887
7888
7889
7886
7885
7900
7899
7901
7902
7877
7878
7876
7875
7874
7873
7880
7879
7921
7922
7923
7920
7919
7906
7913
7912
7910
7911
7907
7908
7909
7914
7915
7916
7917
7918
7904
7905
7903
7928
7926
7927
7929
7930
7931
7932
7924
7925
7945
7944
7946
7947
7962
7952
7953
7955
7956
7957
7954
7959
7960
7961
7958
7951
7950
7949
7948
7963
7938
7939
7940
7941
7937
7936
7935
7943
7942
7978
7965
7973
7972
7970
7968
7969
7971
7966
7967
7974
7975
7976
7977
7964
7982
7983
7984
7981
7985
7986
7987
7979
7980
8008
8019
8014
8015
8017
8016
8018
8013
8011
8012
8010
8009
8020
8021
8003
7999
8000
8001
8002
7998
7997
7996
8005
8006
8007
8004
8034
8024
8030
8029
8027
8028
8025
8026
8031
8032
8033
8022
8023
8036
8037
8039
8040
8038
8041
8042
8043
8035
8057
8065
8061
8062
8063
8064
8059
8060
8058
8067
8068
8066
8054
8055
8053
8052
8051
8050
8056
8074
8070
8073
8072
8071
8069
8076
8077
8078
8079
8080
8075
8090
8093
8091
8092
8094
8087
8086
8085
8084
8088
8089
8101
8096
8097
8100
8098
8099
8095
8104
8105
8106
8107
8108
8109
8103
8102
8118
8123
8122
8119
8121
8120
8124
8116
8115
8113
8114
8112
8117
8131
8126
8127
8130
8128
8129
8125
8133
8134
8135
8136
8137
8138
8132
8150
8151
8157
8154
8155
8156
8152
8153
8148
8147
8146
8142
8143
8144
8145
8149
8165
8164
8158
8161
8160
8159
8163
8162
8167
8168
8169
8172
8170
8171
8166
8187
8188
8194
8191
8192
8193
8189
8190
8184
8182
8183
8185
8186
8202
8203
8195
8196
8197
8199
8198
8200
8201
8206
8208
8207
8205
8204
8221
8220
8228
8226
8227
8223
8224
8225
8222
8217
8218
8215
8216
8219
8233
8229
8231
8230
8232
8235
8237
8236
8234
8250
8254
8251
8252
8253
8248
8245
8246
8247
8249
8259
8260
8255
8258
8256
8257
8262
8264
8265
8263
8261
8278
8281
8279
8280
8276
8272
8273
8274
8275
8277
8285
8282
8283
8284
8288
8294
8293
8289
8290
8291
8292
8286
8287
8309
8308
8307
8304
8299
8300
8303
8302
8301
8306
8305
8310
8311
8312
8313
8317
8316
8314
8315
8330
8331
8328
8329
8327
8326
8322
8323
8324
8325
8332
8335
8333
8334
8343
8340
8342
8341
8344
8347
8348
8345
8346
8355
8352
8354
8353
8356
8357
8364
8363
8365
8366
8376
8375
8377
8378
8391
8389
8390
8392
8394
8393
8410
8411
8412
8409
8417
8418
8415
8416
8413
8414
8419
8420
8440
8441
8442
8439
8445
8446
8447
8448
8449
8444
8443
8450
8461
8460
8462
8463
8459
8467
8468
8466
8464
8465
8469
8476
8477
8478
8480
8479
8474
8475
8484
8483
8482
8481
8485
8493
8494
8495
8492
8498
8497
8496
8503
8504
8505
8506
8509
8508
8507
8512
8513
8514
8516
8515
8521
8522
8524
8523
