324
328
345
348
363
366
378
381
393
394
397
412
415
430
433
453
456
483
484
510
511
539
540
565
566
589
590
613
614
615
634
635
661
662
685
686
706
707
728
729
751
752
768
769
782
783
796
797
809
810
824
825
838
839
851
852
862
863
873
874
883
884
889
890
895
896
901
902
905
906
909
910
912
911
915
916
919
920
926
927
932
933
936
937
940
941
944
945
948
949
952
953
956
957
959
960
961
962
963
964
965
966
967
968
969
970
971
972
973
974
975
976
977
978
979
980
981
982
983
984
985
986
987
988
989
990
991
992
993
994
995
996
997
998
999
1000
1001
1002
1003
1004
1005
1006
1007
1008
1009
1010
1011
1012
1013
1014
1015
1016
1017
1018
1019
1020
1021
1022
1023
1024
1025
1026
1028
1027
1029
1030
1031
1032
1033
1034
1035
1036
1037
1038
1040
1039
1041
1042
1043
1044
1045
1046
1047
1048
1049
1050
1051
1052
1053
1054
1055
1056
1057
1058
1061
1059
1060
1062
1063
1064
1065
1066
1067
1068
1071
1070
1069
1072
1073
1074
1075
1078
1079
1080
1077
1076
1084
1085
1082
1083
1081
1086
1091
1088
1089
1090
1092
1087
1095
1094
1093
1096
1097
1098
1099
1105
1104
1102
1103
1100
1101
1106
1107
1108
1109
1113
1114
1112
1111
1110
1117
1115
1116
1118
1119
1122
1123
1125
1124
1121
1120
1126
1127
1128
1129
1130
1131
1135
1133
1134
1132
1136
1137
1138
1139
1140
1144
1142
1143
1141
1146
1147
1148
1149
1145
1153
1152
1150
1151
1154
1156
1157
1158
1160
1159
1155
1164
1165
1163
1161
1162
1166
1168
1169
1170
1171
1172
1167
1176
1177
1174
1175
1173
1178
1179
1180
1184
1183
1185
1186
1182
1181
1188
1189
1190
1187
1191
1193
1194
1192
1195
1198
1199
1196
1197
1200
1201
1202
1203
1204
1205
1206
1207
1208
1213
1214
1211
1212
1209
1210
1215
1216
1217
1218
1219
1220
1221
1222
1223
1228
1229
1230
1227
1226
1224
1225
1232
1233
1234
1235
1236
1237
1238
1239
1240
1241
1242
1243
1231
1244
1245
1246
1247
1260
1261
1262
1263
1264
1265
1266
1267
1258
1259
1256
1257
1254
1255
1253
1251
1252
1248
1249
1250
1270
1271
1272
1273
1274
1269
1268
1275
1276
1277
1278
1279
1280
1281
1282
1285
1284
1283
1298
1299
1300
1301
1302
1303
1296
1297
1304
1294
1295
1293
1292
1291
1290
1289
1286
1287
1288
1326
1315
1316
1317
1318
1319
1320
1321
1322
1323
1324
1325
1314
1307
1308
1309
1310
1311
1312
1313
1329
1330
1327
1328
1305
1306
1332
1333
1334
1331
1335
1336
1337
1338
1339
1342
1340
1341
1379
1380
1378
1377
1376
1374
1375
1372
1373
1371
1370
1368
1369
1381
1385
1386
1384
1382
1383
1365
1366
1364
1367
1388
1387
1362
1361
1363
1360
1348
1349
1350
1351
1352
1353
1354
1355
1356
1357
1358
1359
1347
1346
1343
1345
1344
1395
1396
1397
1398
1399
1400
1401
1402
1403
1405
1404
1394
1390
1391
1393
1392
1406
1407
1389
1409
1408
1427
1426
1425
1424
1417
1418
1419
1420
1421
1422
1423
1416
1412
1413
1414
1415
1411
1410
1430
1431
1428
1429
1484
1485
1481
1482
1483
1477
1478
1479
1480
1476
1475
1472
1473
1474
1471
1468
1469
1470
1486
1487
1488
1489
1490
1491
1467
1466
1492
1465
1442
1443
1444
1451
1452
1453
1454
1455
1456
1457
1458
1447
1448
1449
1450
1446
1445
1459
1461
1460
1462
1463
1464
1435
1436
1437
1432
1433
1434
1440
1441
1438
1439
1503
1504
1508
1507
1505
1506
1509
1510
1514
1513
1511
1512
1515
1518
1519
1516
1517
1502
1501
1499
1500
1498
1496
1497
1495
1520
1521
1493
1494
1522
1523
1548
1533
1534
1535
1536
1537
1538
1539
1532
1531
1530
1527
1528
1529
1544
1545
1546
1540
1541
1542
1543
1547
1525
1526
1524
1552
1551
1556
1554
1555
1553
1549
1550
1610
1611
1612
1613
1614
1609
1604
1605
1608
1606
1607
1603
1615
1616
1617
1618
1602
1619
1601
1600
1567
1568
1590
1591
1592
1593
1584
1585
1586
1587
1588
1589
1582
1583
1579
1580
1581
1594
1595
1596
1573
1572
1570
1571
1578
1577
1574
1575
1576
1569
1599
1597
1598
1563
1564
1560
1557
1558
1559
1561
1562
1565
1566
1626
1627
1624
1625
1623
1631
1628
1629
1630
1632
1622
1621
1620
1633
1667
1647
1648
1649
1646
1644
1645
1643
1656
1653
1654
1655
1652
1650
1651
1657
1658
1659
1660
1641
1642
1638
1639
1640
1637
1663
1664
1665
1661
1662
1666
1634
1636
1635
1669
1674
1672
1673
1671
1670
1668
1724
1725
1726
1723
1716
1717
1718
1719
1720
1721
1722
1715
1713
1714
1727
1728
1712
1678
1700
1701
1698
1699
1702
1703
1704
1690
1696
1697
1691
1692
1693
1694
1695
1689
1688
1687
1686
1705
1709
1708
1706
1707
1710
1681
1682
1683
1680
1685
1684
1679
1711
1675
1676
1677
1733
1731
1732
1738
1736
1737
1735
1734
1739
1740
1730
1729
1741
1755
1756
1753
1754
1757
1751
1752
1750
1749
1762
1760
1761
1759
1758
1763
1764
1765
1766
1745
1746
1747
1748
1744
1770
1771
1772
1769
1773
1767
1768
1742
1743
1774
1775
1776
1777
1778
1779
1780
1781
1821
1822
1823
1818
1819
1820
1817
1816
1824
1801
1802
1803
1800
1805
1806
1804
1807
1808
1809
1810
1797
1798
1799
1795
1796
1794
1792
1793
1812
1811
1790
1789
1791
1814
1815
1813
1788
1786
1787
1785
1784
1783
1782
1827
1826
1829
1828
1830
1825
1850
1847
1848
1849
1846
1837
1838
1839
1840
1841
1842
1843
1844
1845
1836
1854
1851
1852
1853
1857
1855
1856
1833
1834
1835
1860
1861
1858
1859
1831
1832
1862
1867
1868
1869
1863
1864
1865
1866
1870
1871
1923
1921
1922
1920
1924
1897
1901
1902
1903
1899
1900
1898
1904
1914
1915
1916
1917
1909
1910
1911
1912
1913
1907
1908
1906
1905
1891
1892
1893
1894
1896
1895
1888
1890
1889
1918
1885
1886
1883
1884
1887
1919
1876
1881
1882
1880
1879
1877
1878
1874
1875
1872
1873
1925
1928
1929
1926
1927
1930
1948
1944
1945
1941
1942
1943
1947
1946
1940
1934
1932
1933
1938
1937
1936
1935
1939
1952
1953
1951
1950
1949
1954
1955
1956
1931
1960
1959
1961
1957
1958
1962
1963
1964
1965
1966
1967
1968
1969
1970
1971
1972
1973
1975
1974
2027
2021
2022
2020
2026
2023
2024
2025
2019
2006
2005
2008
2007
1999
2000
2001
2002
2003
2004
2013
2014
2015
2016
2017
2010
2011
2012
2009
1994
1995
1992
1993
1996
1997
1998
1991
1990
2018
1988
1989
1987
1984
1985
1986
1983
1981
1982
1980
1979
1978
1976
1977
2028
2032
2033
2034
2030
2031
2029
2035
2046
2047
2044
2045
2055
2056
2054
2048
2049
2050
2051
2052
2053
2040
2038
2039
2037
2042
2041
2043
2060
2063
2061
2062
2057
2058
2059
2064
2036
2065
2066
2069
2070
2068
2067
2072
2071
2073
2074
2076
2075
2130
2131
2132
2133
2134
2125
2126
2124
2123
2128
2127
2129
2112
2104
2105
2111
2110
2106
2107
2108
2109
2120
2121
2122
2115
2116
2117
2118
2119
2113
2114
2101
2099
2100
2098
2103
2102
2097
2096
2095
2090
2088
2089
2091
2092
2093
2094
2086
2087
2084
2085
2081
2082
2083
2077
2078
2079
2080
2141
2138
2139
2140
2135
2136
2137
2150
2148
2149
2151
2152
2144
2145
2146
2147
2142
2143
2164
2173
2170
2171
2172
2165
2166
2167
2168
2169
2156
2154
2155
2153
2159
2160
2158
2157
2163
2161
2162
2175
2176
2177
2178
2179
2180
2174
2181
2182
2183
2186
2187
2188
2184
2185
2191
2192
2189
2190
2196
2195
2193
2194
2198
2197
2252
2253
2251
2256
2257
2258
2254
2255
2247
2248
2246
2245
2249
2250
2231
2232
2220
2221
2222
2227
2225
2226
2223
2224
2230
2229
2228
2240
2241
2242
2243
2244
2237
2238
2236
2239
2233
2234
2235
2217
2216
2215
2218
2219
2214
2213
2211
2212
2208
2209
2210
2205
2206
2207
2202
2203
2204
2199
2200
2201
2265
2264
2266
2261
2260
2259
2262
2263
2272
2273
2271
2274
2275
2276
2269
2270
2267
2268
2286
2300
2301
2299
2292
2293
2294
2295
2296
2297
2291
2298
2287
2288
2289
2290
2280
2281
2277
2278
2279
2285
2282
2283
2284
2307
2308
2309
2310
2311
2305
2306
2302
2303
2304
2312
2313
2314
2315
2316
2317
2318
2319
2320
2321
2323
2324
2322
2374
2376
2375
2368
2369
2371
2370
2373
2372
2347
2345
2346
2348
2355
2356
2354
2353
2351
2352
2350
2357
2349
2359
2358
2363
2362
2367
2364
2365
2366
2360
2361
2340
2339
2338
2337
2336
2341
2342
2343
2344
2335
2334
2333
2332
2331
2329
2330
2327
2328
2325
2326
2377
2378
2379
2383
2384
2385
2386
2387
2382
2380
2381
2407
2406
2401
2402
2403
2398
2399
2400
2404
2405
2392
2393
2388
2389
2391
2390
2396
2397
2394
2395
2413
2414
2415
2416
2417
2412
2411
2409
2410
2408
2418
2419
2420
2421
2422
2423
2424
2425
2427
2428
2426
2431
2429
2430
2433
2432
2494
2493
2492
2489
2488
2487
2486
2491
2490
2458
2462
2463
2464
2461
2468
2469
2470
2471
2472
2473
2474
2466
2467
2465
2460
2459
2481
2482
2480
2485
2483
2484
2476
2477
2475
2479
2478
2450
2451
2449
2452
2453
2454
2455
2456
2457
2446
2447
2448
2444
2445
2442
2443
2441
2440
2439
2438
2436
2437
2434
2435
2495
2496
2497
2501
2502
2503
2504
2498
2499
2500
2534
2535
2536
2529
2530
2531
2528
2527
2532
2522
2523
2524
2525
2521
2517
2518
2519
2520
2516
2515
2513
2514
2526
2533
2510
2509
2505
2507
2508
2506
2511
2512
2540
2541
2539
2538
2537
2543
2544
2542
2545
2546
2547
2548
2549
2550
2551
2552
2553
2554
2555
2556
2557
2558
2560
2559
2561
2618
2617
2616
2612
2613
2614
2615
2585
2584
2588
2589
2590
2591
2587
2595
2594
2593
2596
2600
2599
2598
2597
2601
2602
2592
2586
2605
2606
2609
2610
2611
2607
2608
2604
2603
2581
2582
2583
2579
2580
2577
2578
2574
2575
2576
2571
2572
2573
2570
2567
2568
2569
2566
2565
2564
2563
2562
2619
2620
2622
2621
2649
2650
2651
2646
2647
2641
2642
2643
2644
2638
2639
2640
2634
2635
2636
2637
2631
2632
2633
2630
2645
2648
2628
2623
2625
2626
2627
2624
2629
2654
2652
2653
2656
2657
2655
2659
2658
2660
2661
2662
2664
2663
2665
2666
2667
2715
2709
2710
2711
2712
2713
2714
2681
2682
2683
2684
2685
2686
2678
2679
2680
2677
2691
2689
2690
2694
2693
2692
2696
2697
2695
2701
2702
2703
2699
2700
2698
2705
2704
2706
2687
2688
2708
2707
2676
2673
2674
2675
2672
2669
2670
2671
2668
2716
2717
2718
2725
2724
2721
2722
2723
2720
2719
2747
2746
2745
2744
2751
2750
2748
2749
2752
2738
2741
2742
2739
2740
2736
2737
2735
2734
2730
2731
2729
2733
2732
2727
2728
2726
2743
2757
2754
2755
2756
2753
2761
2762
2763
2758
2759
2760
2764
2765
2766
2807
2805
2806
2804
2794
2800
2801
2799
2795
2796
2797
2798
2802
2803
2781
2782
2783
2777
2778
2779
2780
2775
2776
2784
2785
2786
2789
2790
2791
2787
2788
2792
2793
2770
2771
2772
2773
2774
2769
2768
2767
2808
2809
2810
2811
2812
2822
2823
2824
2825
2817
2816
2818
2821
2820
2819
2815
2813
2814
2838
2837
2836
2842
2841
2840
2839
2844
2843
2835
2834
2833
2829
2828
2832
2830
2831
2826
2827
2847
2848
2846
2845
2849
2850
2851
2852
2899
2898
2897
2896
2895
2883
2882
2881
2879
2880
2891
2892
2889
2890
2884
2885
2886
2887
2888
2893
2894
2865
2866
2867
2861
2862
2863
2864
2860
2868
2869
2870
2871
2872
2874
2875
2873
2878
2876
2877
2857
2858
2856
2859
2854
2855
2853
2900
2901
2902
2903
2916
2917
2918
2919
2907
2906
2909
2908
2914
2915
2913
2911
2912
2910
2905
2904
2929
2926
2927
2928
2933
2932
2931
2930
2934
2923
2924
2925
2922
2920
2921
2937
2938
2939
2936
2935
2940
2941
2973
2970
2971
2972
2969
2957
2966
2964
2965
2959
2960
2958
2961
2962
2963
2967
2968
2953
2952
2949
2950
2951
2948
2954
2956
2955
2945
2944
2946
2947
2943
2942
2974
2976
2977
2978
2975
2979
2982
2983
2984
2987
2988
2986
2985
2981
2980
2991
2992
2995
2993
2994
2996
2989
2990
3000
3001
2998
2999
2997
3002
3030
3026
3027
3028
3025
3024
3029
3019
3020
3018
3015
3016
3017
3021
3022
3023
3012
3009
3011
3010
3008
3014
3013
3005
3004
3006
3007
3003
3031
3034
3033
3035
3036
3032
3045
3046
3047
3044
3048
3041
3042
3043
3040
3037
3038
3039
3050
3055
3051
3052
3053
3054
3056
3057
3049
3061
3060
3058
3059
3062
3104
3102
3103
3090
3091
3092
3087
3088
3089
3095
3096
3094
3093
3097
3098
3099
3100
3101
3084
3085
3075
3076
3077
3082
3083
3081
3080
3078
3079
3074
3070
3071
3072
3073
3086
3065
3066
3067
3068
3069
3063
3064
3106
3105
3122
3121
3120
3124
3123
3114
3115
3116
3117
3118
3119
3113
3112
3109
3110
3111
3107
3108
3127
3128
3125
3126
3137
3138
3136
3129
3130
3135
3131
3132
3133
3134
3139
3140
3145
3144
3141
3142
3143
3150
3149
3148
3147
3146
3152
3151
3194
3178
3179
3180
3175
3176
3177
3186
3187
3188
3184
3185
3183
3182
3181
3189
3190
3191
3192
3193
3172
3170
3171
3174
3173
3165
3164
3166
3169
3167
3168
3163
3159
3160
3161
3162
3155
3156
3157
3158
3153
3154
3208
3207
3205
3206
3210
3209
3202
3201
3203
3204
3200
3198
3199
3197
3195
3196
3215
3216
3217
3211
3212
3213
3214
3221
3222
3218
3220
3219
3223
3226
3227
3228
3225
3224
3231
3232
3233
3230
3229
3234
3252
3253
3250
3251
3258
3259
3260
3261
3262
3263
3256
3257
3254
3255
3264
3265
3266
3267
3268
3269
3248
3247
3249
3243
3244
3246
3245
3240
3239
3241
3242
3235
3236
3237
3238
3285
3286
3281
3280
3279
3278
3277
3282
3284
3283
3276
3275
3274
3273
3270
3271
3272
3289
3290
3287
3288
3292
3291
3294
3295
3296
3293
3299
3297
3298
3310
3315
3316
3317
3318
3319
3320
3314
3311
3312
3313
3321
3322
3325
3326
3327
3328
3324
3323
3307
3308
3309
3306
3305
3304
3302
3303
3300
3301
3342
3340
3341
3339
3337
3338
3343
3345
3346
3347
3344
3336
3335
3331
3332
3330
3329
3333
3334
3348
3349
3350
3351
3352
3365
3366
3367
3368
3369
3370
3371
3372
3362
3363
3364
3360
3359
3358
3361
3373
3374
3375
3376
3381
3380
3382
3383
3378
3379
3377
3356
3357
3355
3354
3353
3397
3398
3399
3396
3395
3392
3393
3394
3391
3401
3400
3403
3404
3405
3406
3407
3402
3390
3389
3386
3385
3384
3387
3388
3409
3410
3408
3411
3412
3413
3414
3415
3429
3428
3427
3430
3431
3432
3434
3433
3435
3426
3425
3424
3423
3422
3421
3436
3440
3441
3442
3443
3439
3437
3438
3420
3419
3418
3416
3417
3459
3460
3461
3462
3457
3458
3455
3456
3454
3452
3453
3451
3463
3464
3465
3466
3467
3468
3450
3446
3447
3445
3444
3448
3449
3469
3470
3471
3472
3473
3474
3475
3476
3477
3489
3488
3491
3490
3493
3494
3492
3496
3495
3497
3498
3487
3486
3484
3485
3483
3482
3481
3499
3504
3503
3505
3506
3507
3502
3500
3501
3480
3479
3478
3529
3527
3528
3522
3523
3521
3524
3525
3526
3519
3520
3517
3518
3516
3532
3530
3531
3533
3534
3535
3513
3514
3515
3511
3510
3509
3508
3512
3548
3550
3551
3549
3555
3554
3556
3553
3552
3559
3557
3558
3560
3544
3545
3547
3546
3542
3543
3538
3539
3540
3541
3536
3537
3562
3561
3566
3567
3563
3564
3565
3585
3583
3582
3584
3579
3580
3581
3575
3577
3578
3576
3586
3587
3588
3589
3590
3574
3569
3570
3571
3568
3573
3572
3595
3597
3596
3599
3598
3600
3601
3602
3594
3593
3592
3591
3603
3604
3605
3610
3609
3611
3606
3607
3608
3621
3620
3619
3618
3622
3623
3624
3617
3616
3615
3612
3613
3614
3628
3629
3630
3631
3626
3627
3625
3632
3633
3634
3635
3636
3641
3639
3640
3637
3638
3654
3655
3652
3653
3651
3656
3657
3650
3648
3649
3642
3644
3645
3646
3643
3647
3662
3663
3661
3665
3664
3666
3659
3660
3658
3667
3669
3668
3675
3673
3671
3672
3674
3670
3690
3688
3689
3691
3686
3687
3693
3694
3692
3695
3684
3685
3681
3682
3683
3678
3679
3676
3677
3680
3702
3703
3704
3699
3700
3697
3698
3701
3696
3706
3705
3708
3707
3709
3710
3712
3711
3722
3720
3721
3725
3724
3727
3728
3726
3723
3729
3730
3718
3719
3716
3717
3715
3713
3714
3740
3742
3743
3741
3738
3739
3736
3735
3737
3733
3734
3731
3732
3745
3744
3746
3747
3756
3755
3753
3754
3758
3759
3757
3762
3763
3760
3761
3764
3765
3766
3751
3752
3750
3748
3749
3776
3778
3777
3775
3774
3771
3772
3770
3773
3769
3767
3768
3781
3782
3779
3780
3783
3785
3784
3794
3793
3795
3798
3797
3799
3796
3800
3801
3790
3791
3792
3788
3789
3786
3787
3809
3810
3807
3808
3806
3805
3803
3804
3802
3812
3811
3813
3820
3814
3815
3816
3817
3818
3819
3826
3827
3828
3829
3831
3830
3825
3824
3821
3823
3822
3835
3832
3833
3834
3836
3837
3838
3842
3843
3845
3844
3840
3841
3839
3850
3848
3849
3846
3847
3852
3851
3853
3856
3858
3859
3857
3855
3854
3864
3861
3860
3862
3863
3865
3866
3869
3870
3871
3868
3867
3873
3872
3874
3875
3876
3877
3878
3879
3880
3883
3881
3882
3884
3887
3885
3886
3888
