7934
7935
7936
7937
7938
7939
7941
7940
7942
7943
7944
7945
7946
7947
7950
7951
7948
7949
7952
7953
7954
7955
7957
7958
7959
7960
7956
7965
7966
7967
7961
7962
7963
7964
7969
7968
7970
7971
7976
7973
7974
7975
7972
7977
7978
7981
7982
7983
7984
7979
7980
7991
7990
7986
7985
7989
7987
7988
7992
7998
7999
8000
7993
7994
7995
7996
7997
8008
8001
8002
8007
8006
8005
8004
8003
8009
8010
8017
8011
8012
8013
8014
8015
8016
8030
8031
8028
8029
8018
8019
8020
8025
8026
8027
8024
8023
8021
8022
8032
8033
8035
8034
8046
8047
8043
8044
8045
8037
8036
8038
8039
8040
8041
8042
8065
8066
8064
8063
8049
8050
8051
8052
8053
8054
8048
8056
8055
8061
8062
8060
8059
8058
8057
8068
8067
8081
8082
8083
8080
8077
8078
8079
8076
8075
8073
8074
8070
8069
8071
8072
8098
8099
8084
8085
8086
8087
8088
8089
8090
8091
8093
8094
8092
8097
8096
8095
8101
8102
8100
8120
8113
8114
8115
8116
8117
8118
8119
8112
8111
8110
8108
8109
8107
8106
8103
8104
8105
8136
8137
8138
8122
8123
8124
8125
8126
8127
8121
8128
8129
8130
8134
8135
8133
8131
8132
8140
8139
8152
8153
8151
8150
8149
8154
8155
8148
8147
8142
8141
8143
8145
8146
8144
8168
8169
8170
8171
8159
8158
8160
8161
8162
8163
8157
8156
8164
8167
8165
8166
8175
8176
8174
8173
8172
8192
8193
8188
8189
8190
8191
8183
8184
8185
8186
8187
8182
8181
8177
8180
8178
8179
8213
8212
8214
8195
8196
8194
8197
8198
8199
8201
8202
8200
8203
8204
8205
8206
8207
8211
8208
8209
8210
8215
8233
8234
8235
8232
8236
8228
8229
8230
8231
8226
8224
8225
8227
8222
8223
8220
8221
8218
8219
8216
8217
8265
8266
8240
8239
8241
8242
8243
8237
8238
8247
8248
8249
8244
8245
8246
8252
8256
8257
8258
8253
8254
8255
8250
8251
8259
8260
8261
8262
8264
8263
8269
8267
8268
8299
8298
8296
8297
8301
8302
8300
8290
8291
8292
8289
8293
8294
8295
8286
8281
8282
8283
8284
8285
8280
8277
8278
8279
8288
8287
8276
8275
8273
8274
8270
8271
8272
8334
8335
8305
8306
8307
8303
8304
8314
8312
8313
8311
8309
8310
8308
8316
8321
8322
8318
8319
8320
8317
8325
8326
8327
8324
8323
8315
8328
8330
8329
8333
8332
8331
8337
8338
8336
8374
8373
8376
8375
8366
8367
8368
8369
8370
8371
8372
8362
8354
8355
8353
8358
8359
8357
8356
8360
8361
8348
8349
8350
8351
8347
8352
8363
8364
8365
8344
8345
8346
8342
8343
8339
8340
8341
8418
8419
8416
8417
8379
8380
8377
8378
8385
8386
8382
8383
8384
8381
8393
8391
8392
8388
8389
8390
8387
8400
8401
8402
8398
8399
8397
8396
8403
8404
8394
8395
8407
8408
8409
8410
8406
8405
8412
8411
8414
8415
8413
8422
8420
8421
8463
8461
8462
8465
8464
8455
8453
8454
8457
8456
8458
8459
8460
8445
8446
8447
8448
8449
8450
8452
8451
8441
8442
8439
8440
8443
8438
8436
8437
8444
8434
8433
8432
8435
8428
8429
8430
8431
8425
8423
8424
8426
8427
8508
8467
8469
8468
8466
8475
8476
8477
8478
8479
8480
8471
8472
8473
8474
8470
8486
8487
8485
8484
8481
8482
8483
8489
8490
8491
8492
8493
8494
8495
8496
8497
8488
8498
8499
8500
8501
8504
8505
8506
8507
8502
8503
8509
8549
8545
8546
8547
8548
8537
8536
8534
8535
8541
8542
8540
8539
8538
8543
8544
8527
8525
8526
8528
8529
8533
8530
8531
8532
8522
8523
8521
8519
8520
8518
8517
8516
8524
8514
8515
8513
8511
8510
8512
8550
8554
8555
8552
8553
8551
8563
8564
8565
8566
8567
8569
8570
8568
8558
8559
8556
8557
8560
8561
8562
8575
8574
8571
8573
8572
8577
8576
8578
8580
8579
8581
8582
8585
8583
8584
8624
8621
8618
8619
8620
8622
8623
8610
8611
8612
8613
8614
8609
8607
8608
8606
8605
8601
8600
8602
8603
8604
8617
8616
8615
8597
8598
8599
8596
8595
8591
8592
8593
8594
8590
8586
8588
8589
8587
8627
8628
8629
8626
8625
8636
8637
8638
8635
8639
8640
8641
8642
8643
8644
8645
8650
8648
8649
8646
8647
8630
8631
8632
8633
8634
8657
8658
8659
8654
8655
8656
8651
8652
8653
8660
8661
8663
8662
8664
8670
8671
8665
8666
8667
8668
8669
8719
8718
8717
8720
8721
8710
8709
8711
8712
8708
8707
8706
8705
8704
8702
8696
8697
8698
8699
8700
8701
8703
8715
8716
8714
8713
8685
8686
8687
8688
8689
8684
8683
8692
8693
8691
8690
8695
8694
8680
8681
8682
8677
8678
8679
8675
8676
8672
8674
8673
8724
8722
8723
8731
8732
8733
8734
8730
8729
8735
8736
8737
8738
8744
8743
8742
8741
8740
8739
8725
8726
8727
8728
8750
8751
8752
8749
8753
8747
8748
8745
8746
8755
8756
8754
8758
8757
8759
8760
8761
8765
8762
8763
8764
8809
8810
8799
8798
8800
8797
8796
8795
8788
8789
8790
8791
8792
8793
8794
8806
8807
8808
8804
8805
8802
8803
8801
8779
8780
8778
8782
8783
8784
8785
8781
8786
8787
8777
8776
8774
8775
8773
8772
8770
8771
8766
8767
8769
8768
8812
8811
8827
8828
8829
8830
8831
8832
8833
8834
8835
8838
8839
8837
8836
8814
8815
8816
8813
8822
8817
8818
8819
8820
8821
8823
8824
8825
8826
8845
8844
8846
8843
8841
8842
8840
8847
8848
8850
8851
8852
8849
8853
8854
8857
8856
8855
8895
8896
8897
8898
8879
8878
8877
8876
8875
8874
8873
8893
8894
8892
8887
8890
8891
8889
8888
8883
8884
8885
8886
8882
8880
8881
8864
8865
8862
8863
8866
8867
8868
8869
8870
8871
8872
8861
8860
8859
8858
8901
8900
8899
8928
8929
8930
8931
8932
8933
8934
8935
8936
8907
8902
8903
8904
8905
8906
8908
8909
8916
8914
8910
8911
8912
8913
8915
8922
8918
8919
8920
8921
8917
8923
8924
8925
8926
8927
8944
8945
8946
8943
8940
8941
8942
8939
8938
8937
8947
8948
8949
9001
9002
8971
8970
8969
8967
8968
8966
8964
8965
8963
8995
8999
9000
8998
8997
8996
8994
8986
8987
8991
8992
8993
8988
8989
8990
8978
8983
8984
8982
8981
8979
8980
8985
8975
8976
8977
8974
8973
8972
8952
8953
8954
8955
8957
8956
8958
8959
8960
8961
8962
8951
8950
9003
9004
9022
9023
9024
9025
9026
9027
9028
9029
9030
9006
9005
9007
9012
9010
9008
9009
9011
9014
9015
9016
9018
9017
9013
9020
9019
9021
9034
9035
9033
9031
9032
9036
9037
9038
9079
9080
9081
9078
9057
9058
9054
9055
9056
9053
9052
9051
9049
9050
9074
9075
9076
9077
9073
9071
9072
9067
9066
9064
9065
9068
9069
9070
9060
9061
9062
9063
9059
9043
9044
9045
9046
9041
9042
9047
9048
9040
9039
9083
9084
9082
9098
9100
9099
9101
9102
9088
9087
9085
9086
9089
9091
9090
9093
9094
9092
9096
9095
9097
9107
9108
9106
9104
9105
9103
9109
9110
9111
9112
9156
9157
9130
9129
9128
9125
9126
9127
9151
9152
9153
9154
9155
9149
9150
9143
9144
9145
9146
9147
9148
9139
9140
9135
9136
9137
9138
9141
9142
9132
9133
9134
9131
9117
9118
9119
9120
9116
9122
9123
9121
9124
9115
9114
9113
9159
9160
9158
9184
9185
9186
9189
9188
9187
9165
9166
9164
9162
9163
9161
9168
9169
9167
9174
9175
9173
9172
9171
9170
9178
9177
9176
9181
9182
9180
9179
9183
9195
9196
9194
9197
9192
9191
9193
9190
9198
9199
9239
9240
9241
9242
9243
9212
9211
9210
9208
9209
9234
9235
9237
9238
9236
9231
9232
9233
9223
9222
9224
9225
9226
9227
9228
9229
9230
9219
9220
9221
9217
9215
9216
9218
9213
9214
9204
9202
9203
9205
9206
9207
9201
9200
9246
9247
9245
9244
9266
9267
9268
9270
9269
9251
9250
9249
9248
9252
9253
9254
9259
9258
9256
9257
9255
9261
9260
9262
9263
9265
9264
9275
9276
9277
9274
9272
9273
9271
9278
9279
9280
9317
9318
9319
9296
9295
9294
9293
9314
9315
9316
9313
9311
9312
9303
9304
9305
9306
9307
9308
9309
9310
9301
9302
9300
9299
9297
9298
9284
9283
9285
9286
9287
9288
9289
9290
9291
9292
9282
9281
9321
9320
9342
9343
9344
9345
9322
9323
9324
9325
9331
9329
9330
9328
9327
9326
9333
9334
9335
9332
9336
9337
9338
9341
9339
9340
9356
9357
9355
9353
9354
9352
9350
9351
9349
9348
9347
9346
9358
9359
9360
9361
9392
9393
9394
9374
9373
9372
9391
9390
9388
9389
9385
9386
9387
9383
9381
9382
9384
9379
9380
9378
9375
9377
9376
9365
9364
9366
9367
9368
9369
9370
9371
9363
9362
9396
9397
9395
9417
9418
9419
9398
9399
9400
9401
9402
9403
9405
9406
9407
9408
9409
9404
9411
9410
9412
9416
9413
9414
9415
9427
9428
9429
9430
9425
9426
9423
9424
9422
9421
9420
9467
9468
9469
9470
9447
9446
9444
9445
9465
9466
9464
9463
9462
9460
9461
9455
9456
9457
9454
9458
9459
9451
9452
9453
9448
9450
9449
9433
9434
9435
9432
9431
9437
9436
9439
9438
9440
9441
9442
9443
9474
9473
9472
9471
9490
9491
9492
9493
9476
9475
9477
9478
9480
9479
9483
9484
9482
9481
9487
9485
9486
9489
9488
9504
9503
9505
9502
9501
9500
9496
9497
9498
9499
9495
9494
9539
9540
9521
9522
9518
9519
9520
9537
9538
9536
9535
9533
9534
9530
9531
9532
9528
9529
9523
9524
9525
9526
9527
9507
9508
9506
9509
9510
9511
9512
9513
9515
9516
9514
9517
9541
9557
9556
9558
9542
9543
9544
9545
9547
9546
9548
9550
9551
9549
9555
9554
9552
9553
9574
9575
9576
9573
9572
9568
9569
9570
9571
9567
9563
9561
9562
9564
9565
9566
9559
9560
9617
9598
9599
9600
9616
9613
9614
9615
9612
9611
9610
9609
9607
9604
9605
9606
9608
9601
9602
9603
9581
9579
9580
9577
9578
9582
9583
9584
9585
9586
9587
9591
9592
9590
9588
9589
9593
9596
9594
9595
9597
9618
9619
9642
9641
9639
9640
9620
9623
9624
9621
9622
9625
9626
9627
9628
9631
9633
9632
9629
9630
9637
9638
9636
9634
9635
9655
9656
9657
9653
9654
9651
9652
9650
9648
9646
9647
9649
9644
9645
9643
9700
9670
9671
9673
9674
9672
9699
9696
9695
9698
9697
9694
9693
9691
9692
9685
9686
9687
9684
9690
9688
9689
9676
9675
9677
9678
9679
9680
9681
9682
9683
9661
9660
9658
9659
9663
9662
9665
9664
9666
9668
9667
9669
9701
9702
9726
9725
9721
9722
9723
9724
9707
9703
9704
9705
9706
9708
9709
9717
9715
9716
9718
9714
9710
9711
9712
9713
9720
9719
9736
9737
9739
9738
9734
9735
9733
9731
9732
9728
9729
9730
9727
9784
9781
9782
9783
9754
9755
9759
9760
9758
9757
9756
9772
9773
9774
9775
9776
9777
9778
9780
9779
9764
9765
9763
9766
9770
9771
9767
9768
9769
9761
9762
9745
9744
9740
9741
9742
9743
9746
9747
9748
9749
9750
9751
9753
9752
9786
9785
9807
9806
9801
9802
9803
9804
9805
9796
9793
9794
9795
9792
9791
9788
9789
9790
9787
9799
9798
9797
9800
9813
9816
9817
9814
9815
9812
9811
9808
9809
9810
9848
9826
9827
9828
9832
9831
9830
9829
9838
9839
9840
9842
9843
9841
9844
9845
9846
9847
9834
9835
9836
9837
9833
9821
9818
9820
9819
9822
9823
9825
9824
9864
9862
9863
9856
9854
9855
9853
9852
9849
9850
9851
9858
9859
9857
9860
9861
9869
9873
9870
9871
9872
9868
9867
9865
9866
9887
9893
9894
9895
9896
9897
9899
9898
9889
9890
9891
9892
9888
9880
9874
9875
9878
9879
9877
9876
9881
9882
9884
9885
9886
9883
9919
9905
9904
9903
9902
9900
9901
9911
9907
9908
9909
9910
9906
9912
9913
9914
9915
9916
9917
9918
9931
9932
9930
9928
9925
9926
9927
9929
9924
9922
9923
9921
9920
9944
9956
9957
9958
9959
9960
9951
9955
9954
9952
9953
9950
9947
9948
9949
9946
9945
9933
9934
9935
9937
9936
9938
9940
9941
9939
9942
9943
9975
9966
9965
9964
9961
9962
9963
9967
9968
9969
9971
9970
9972
9973
9974
9984
9982
9983
9981
9979
9978
9980
9977
9976
9993
10002
10003
10004
10005
10006
10001
10000
9999
9997
9998
9996
9995
9994
9986
9985
9987
9988
9991
9989
9990
9992
10011
10012
10010
10009
10008
10007
10013
10014
10015
10017
10018
10016
10019
10020
10021
10027
10028
10029
10030
10026
10023
10024
10025
10022
10050
10051
10052
10053
10054
10049
10048
10047
10044
10045
10043
10046
10042
10041
10033
10032
10031
10034
10038
10039
10037
10035
10036
10040
10061
10060
10059
10057
10058
10055
10056
10062
10063
10064
10065
10066
10067
10068
10077
10078
10079
10080
10076
10070
10071
10072
10073
10074
10075
10069
10099
10100
10101
10102
10103
10104
10105
10098
10096
10097
10095
10093
10094
10083
10084
10082
10081
10090
10091
10089
10088
10087
10085
10086
10092
10110
10111
10109
10108
10107
10106
10112
10113
10114
10115
10116
10117
10128
10127
10129
10130
10131
10121
10120
10122
10123
10124
10125
10126
10118
10119
10148
10149
10150
10151
10152
10153
10147
10146
10145
10144
10142
10143
10134
10132
10133
10138
10139
10140
10137
10136
10135
10141
10160
10161
10158
10159
10154
10155
10156
10157
10162
10163
10164
10165
10171
10172
10168
10167
10169
10170
10166
10185
10187
10188
10186
10190
10189
10183
10184
10182
10180
10181
10174
10175
10176
10177
10173
10179
10178
10193
10192
10191
10194
10195
10199
10196
10197
10198
10204
10203
10201
10202
10200
10205
10211
10212
10213
10210
10209
10208
10207
10206
10216
10215
10214
10217
10218
10219
10220
10221
10222
10223
10231
10232
10233
10234
10235
10236
10237
10238
10230
10229
10228
10226
10227
10224
10225
10245
10244
10243
10240
10241
10242
10239
10246
10247
10248
10249
10250
10251
10258
10259
10260
10262
10261
10263
10257
10256
10255
10254
10253
10252
10270
10268
10269
10267
10265
10266
10264
10271
10272
10273
10274
10275
10276
10280
10282
10281
10283
10286
10284
10285
10287
10279
10278
10277
10295
10296
10293
10294
10292
10288
10289
10290
10291
10297
10298
10299
10300
10304
10305
10307
10306
10308
10313
10310
10311
10312
10309
10303
10302
10301
10326
10327
10325
10322
10323
10324
10321
10314
10317
10318
10319
10315
10316
10320
10328
10329
10330
10331
10336
10340
10338
10339
10337
10349
10346
10343
10344
10345
10342
10348
10347
10341
10335
10334
10333
10332
10358
10356
10357
10350
10353
10354
10351
10352
10355
10359
10360
10361
10362
10365
10367
10366
10369
10368
10364
10363
10373
10371
10372
10370
10374
10375
10378
10381
10379
10380
10382
10377
10376
10386
10384
10385
10383
10387
10388
10391
10393
10392
10394
10390
10389
10399
10396
10397
10398
10395
10400
10401
10404
10405
10408
10407
10406
10409
10403
10402
10416
10414
10415
10411
10412
10413
10410
10417
10418
10419
10424
10425
10427
10426
10428
10423
10420
10421
10422
10433
10432
10430
10431
10429
10435
10434
10439
10440
10442
10441
10443
10436
10437
10438
10448
10447
10445
10446
10444
10450
10449
10454
10455
10456
10458
10457
10459
10460
10451
10452
10453
10467
10466
10465
10462
10463
10464
10461
10469
10470
10468
10473
10474
10475
10477
10476
10478
10479
10471
10472
10488
10489
10487
10486
10482
10483
10484
10485
10481
10480
10493
10490
10491
10492
10500
10498
10499
10501
10502
10503
10504
10509
10507
10508
10506
10505
10510
10511
10494
10497
10495
10496
10522
10523
10524
10521
10520
10514
10515
10516
10517
10518
10519
10513
10512
10527
10525
10526
10532
10531
10533
10534
10539
10538
10537
10536
10535
10540
10541
10542
10528
10530
10529
10555
10556
10554
10553
10548
10549
10550
10551
10552
10546
10547
10544
10545
10543
10559
10557
10558
10564
10563
10565
10566
10571
10570
10569
10568
10567
10573
10572
10574
10575
10560
10562
10561
10589
10590
10591
10588
10587
10579
10580
10581
10582
10583
10584
10585
10586
10578
10576
10577
10592
10593
10596
10595
10597
10598
10603
10602
10601
10600
10599
10605
10606
10604
10594
10615
10616
10617
10614
10613
10608
10609
10610
10611
10612
10607
10618
10623
10622
10620
10621
10624
10625
10629
10630
10631
10628
10627
10626
10632
10619
10641
10642
10643
10644
10640
10638
10639
10635
10636
10637
10633
10634
10645
10649
10648
10647
10650
10653
10652
10651
10654
10646
10664
10665
10666
10667
10668
10669
10670
10663
10656
10657
10658
10659
10660
10661
10662
10655
10676
10675
10673
10674
10672
10671
10677
10678
10679
10684
10682
10683
10681
10680
10685
10693
10694
10695
10699
10700
10696
10697
10698
10692
10687
10689
10688
10690
10691
10686
10705
10702
10701
10704
10703
10706
10707
10711
10709
10710
10708
10712
10719
10720
10723
10724
10721
10722
10718
10714
10716
10715
10717
10713
10729
10728
10726
10725
10727
10730
10732
10731
10733
10739
10740
10741
10738
10737
10736
10734
10735
10743
10742
10744
10745
10746
10747
10749
10748
10756
10755
10754
10753
10750
10751
10752
10757
10758
10759
10760
10761
10763
10762
10768
10769
10770
10767
10766
10765
10764
10773
10772
10771
10774
10775
10776
10780
10781
10782
10783
10779
10778
10777
10785
10784
10786
10787
10790
10789
10788
10791
10792
10793
10798
10794
10795
10796
10797
10799
10803
10804
10802
10801
10800
10809
10806
10805
10807
10808
10810
10813
10811
10812
10819
10814
10815
10817
10818
10816
10820
10821
10827
10822
10823
10824
10825
10826
10832
10831
10829
10830
10828
10833
10834
10835
10837
10836
10841
10842
10838
10839
10840
10843
10846
10844
10845
10851
10847
10848
10849
10850
10852
10854
10853
10855
10856
