320
321
322
331
332
379
378
388
461
472
567
578
739
756
757
944
945
943
963
962
964
1185
1186
1184
1202
1200
1201
1203
1451
1453
1454
1452
1464
1465
1463
1461
1462
1746
1747
1748
1749
1750
1757
1756
1755
1754
2130
2131
2132
2133
2140
2138
2139
2137
2136
2570
2572
2571
2573
2574
2583
2584
2579
2580
2581
2582
2578
2577
3016
3015
3018
3017
3019
3020
3025
3026
3024
3023
3482
3480
3481
3483
3484
3485
3489
3490
3486
3487
3488
3916
3914
3915
3920
3919
3917
3918
3925
3926
3928
3927
3921
3922
3923
3924
4377
4372
4373
4374
4375
4376
4379
4378
4384
4388
4387
4385
4386
4380
4381
4382
4383
4830
4825
4826
4827
4829
4828
4833
4831
4832
4839
4840
4845
4844
4841
4842
4843
4834
4835
4836
4837
4838
5290
5287
5289
5288
5291
5294
5292
5293
5715
5717
5718
5719
5716
5725
5723
5722
5720
5721
5724
6100
6102
6103
6104
6101
6110
6111
6112
6108
6107
6105
6106
6109
6509
6508
6507
6510
6511
6513
6512
6518
6519
6517
6516
6514
6515
6894
6895
6896
6892
6893
6897
6900
6898
6899
6906
6907
6905
6909
6908
6904
6901
6902
6903
7293
7294
7295
7292
7290
7291
7298
7297
7296
7305
7306
7303
7304
7301
7302
7307
7308
7299
7300
7664
7663
7666
7667
7668
7665
7662
7661
7670
7669
7680
7681
7682
7677
7678
7676
7679
7683
7671
7672
7673
7674
7675
8068
8067
8070
8071
8069
8064
8065
8066
8073
8072
8080
8081
8078
8076
8077
8079
8082
8074
8075
8471
8472
8470
8474
8475
8476
8473
8469
8478
8477
8486
8487
8484
8481
8482
8483
8485
8488
8479
8480
8855
8856
8857
8854
8859
8862
8861
8860
8858
8853
8864
8863
8874
8873
8872
8875
8870
8867
8868
8869
8871
8865
8866
9252
9253
9254
9251
9256
9259
9260
9261
9258
9257
9255
9263
9262
9275
9274
9270
9271
9272
9268
9267
9266
9269
9273
9264
9265
9618
9624
9623
9620
9621
9622
9626
9627
9628
9625
9619
9630
9629
9641
9637
9638
9639
9635
9634
9633
9636
9640
9631
9632
9970
9974
9975
9973
9972
9977
9978
9979
9976
9971
9980
9987
9988
9989
9985
9982
9983
9984
9986
9990
9991
9981
10322
10321
10320
10323
10324
10325
10326
10327
10328
10319
10318
10329
10337
10338
10339
10335
10336
10334
10333
10332
10331
10340
10330
10684
10683
10686
10685
10687
10688
10689
10690
10691
10692
10693
10694
10695
10696
10697
10682
10698
10716
10717
10718
10714
10715
10710
10711
10712
10713
10709
10705
10706
10707
10708
10704
10703
10700
10701
10702
10719
10720
10699
11094
11093
11097
11095
11096
11100
11101
11099
11098
11102
11105
11106
11104
11103
11107
11109
11108
11092
11110
11130
11131
11128
11129
11125
11126
11127
11124
11119
11120
11118
11121
11122
11123
11116
11117
11112
11113
11114
11115
11132
11111
11487
11488
11489
11490
11486
11491
11492
11496
11497
11494
11495
11493
11498
11499
11501
11500
11502
11507
11506
11505
11503
11504
11485
11508
11509
11530
11527
11528
11529
11525
11526
11524
11531
11523
11521
11522
11518
11517
11519
11520
11516
11515
11512
11513
11514
11532
11511
11510
11876
11877
11881
11878
11879
11880
11882
11883
11884
11875
11885
11886
11889
11890
11891
11892
11888
11887
11893
11894
11895
11874
11896
11897
11898
11916
11917
11912
11914
11915
11913
11911
11918
11910
11909
11906
11905
11903
11904
11907
11908
11902
11901
11900
11919
11899
12241
12242
12243
12244
12245
12240
12246
12248
12247
12249
12250
12251
12239
12252
12265
12264
12263
12266
12260
12261
12262
12257
12258
12259
12256
12255
12254
12267
12253
12563
12564
12565
12566
12562
12569
12570
12568
12567
12571
12572
12573
12574
12575
12576
12561
12577
12591
12590
12589
12588
12592
12593
12594
12585
12584
12586
12587
12583
12582
12581
12580
12579
12595
12578
12873
12874
12875
12876
12877
12878
12872
12870
12871
12867
12868
12869
12881
12882
12883
12879
12880
12884
12885
12886
12866
12887
12902
12901
12898
12899
12900
12897
12896
12903
12904
12905
12906
12893
12892
12895
12894
12890
12891
12889
12907
12888
13174
13176
13175
13177
13178
13173
13172
13171
13181
13179
13180
13183
13184
13182
13185
13170
13186
13200
13198
13199
13196
13197
13201
13202
13203
13193
13195
13194
13190
13191
13189
13192
13188
13204
13187
13439
13442
13440
13441
13443
13444
13438
13445
13446
13451
13452
13453
13447
13448
13449
13450
13454
13437
13455
13466
13463
13464
13465
13467
13468
13469
13462
13459
13458
13461
13460
13457
13470
13471
13472
13456
13711
13710
13708
13709
13712
13713
13714
13715
13717
13718
13716
13719
13720
13707
13706
13721
13731
13732
13734
13733
13730
13729
13727
13728
13725
13726
13723
13724
13735
13736
13722
13941
13938
13939
13940
13936
13937
13942
13943
13946
13944
13945
13948
13947
13949
13935
13934
13950
13960
13961
13964
13965
13966
13963
13962
13968
13969
13970
13971
13967
13959
13955
13956
13958
13957
13953
13954
13952
13972
13973
13974
13975
13951
14183
14181
14180
14179
14182
14178
14177
14186
14185
14184
14187
14188
14189
14175
14176
14174
14172
14173
14190
14196
14198
14199
14197
14200
14201
14194
14195
14193
14192
14204
14202
14203
14205
14206
14191
14411
14407
14408
14409
14410
14413
14412
14414
14415
14403
14404
14405
14406
14402
14401
14416
14422
14425
14424
14423
14420
14421
14419
14418
14428
14427
14426
14429
14430
14417
14628
14625
14626
14627
14630
14629
14631
14632
14619
14620
14621
14622
14623
14624
14618
14617
14633
14640
14643
14642
14641
14637
14638
14639
14636
14635
14649
14648
14646
14647
14645
14644
14650
14651
14652
14634
14857
14854
14855
14856
14860
14859
14858
14861
14862
14863
14864
14849
14850
14851
14852
14853
14848
14847
14865
14870
14873
14872
14871
14869
14868
14867
14878
14877
14876
14875
14874
14879
14880
14866
15068
15069
15070
15071
15072
15073
15058
15059
15060
15061
15062
15063
15064
15065
15066
15067
15056
15057
15055
15074
15075
15084
15083
15082
15081
15080
15079
15095
15092
15093
15094
15091
15090
15089
15088
15086
15087
15085
15096
15097
15098
15077
15078
15076
15273
15274
15275
15276
15277
15278
15279
15263
15265
15266
15264
15267
15268
15269
15270
15271
15272
15262
15261
15282
15280
15281
15294
15291
15292
15293
15290
15289
15288
15287
15286
15302
15303
15300
15301
15299
15298
15297
15296
15295
15304
15305
15283
15285
15284
15466
15468
15467
15469
15470
15471
15456
15455
15458
15459
15457
15460
15461
15462
15463
15464
15465
15454
15452
15453
15473
15472
15485
15484
15481
15482
15483
15480
15491
15490
15489
15488
15487
15486
15492
15474
15475
15476
15477
15478
15479
15629
15630
15632
15631
15633
15622
15623
15624
15625
15626
15627
15628
15621
15638
15637
15635
15636
15634
15649
15648
15645
15646
15647
15644
15654
15653
15652
15651
15650
15655
15639
15642
15640
15641
15643
15787
15789
15790
15788
15791
15782
15783
15784
15785
15786
15781
15794
15793
15792
15802
15803
15801
15800
15798
15799
15811
15808
15809
15810
15807
15805
15806
15804
15812
15795
15796
15797
15939
15940
15942
15943
15941
15932
15936
15937
15934
15935
15933
15938
15931
15946
15944
15945
15953
15952
15950
15949
15951
15957
15956
15954
15955
15947
15948
16075
16076
16074
16071
16072
16073
16079
16077
16078
16085
16086
16089
16087
16088
16080
16081
16082
16083
16084
16193
16194
16195
16192
16190
16191
16198
16197
16196
16205
16203
16204
16202
16208
16206
16207
16199
16200
16201
16319
16320
16317
16318
16323
16322
16321
16329
16328
16330
16331
16324
16325
16326
16327
16430
16431
16432
16429
16427
16428
16435
16434
16433
16440
16439
16441
16443
16442
16436
16437
16438
16526
16527
16525
16524
16529
16528
16533
16532
16534
16535
16530
16531
16608
16609
16607
16605
16606
16612
16610
16611
16619
16618
16620
16622
16623
16621
16613
16614
16615
16617
16616
16698
16699
16696
16697
16695
16694
16701
16700
16703
16702
16705
16704
16706
16707
16789
16790
16788
16787
16786
16792
16791
16793
16794
16869
16870
16871
16868
16867
16873
16872
16874
16875
16936
16935
16934
16937
16938
16939
16998
16999
17056
17057
17098
17099
17100
17101
17140
17139
17141
17142
17170
17169
17171
17172
17199
17200
17198
17202
17203
17204
17201
17205
17226
17225
17227
17228
