8828
8829
8830
8831
8840
8841
8835
8836
8837
8838
8839
8834
8842
8847
8848
8849
8846
8845
8843
8844
8856
8857
8858
8859
8860
8861
8862
8852
8853
8855
8854
8864
8865
8866
8867
8863
8869
8870
8871
8872
8873
8874
8875
8876
8877
8878
8879
8868
8896
8897
8898
8895
8894
8899
8892
8889
8890
8891
8887
8888
8885
8886
8884
8883
8882
8893
8902
8903
8904
8901
8905
8900
8909
8908
8910
8911
8912
8906
8907
8925
8926
8924
8927
8921
8922
8923
8918
8919
8917
8916
8915
8920
8930
8931
8932
8929
8928
8937
8933
8934
8935
8936
8939
8940
8941
8942
8943
8938
8970
8971
8969
8972
8973
8953
8959
8960
8961
8962
8963
8964
8965
8966
8967
8968
8954
8955
8956
8957
8958
8950
8951
8952
8949
8947
8948
8946
8977
8978
8976
8975
8974
8981
8982
8983
8984
8985
8986
8987
8988
8980
8979
8992
8990
8991
8989
8993
8994
8995
8997
8996
9017
9018
9019
9020
9021
9022
9023
9024
9025
9026
9027
9028
9029
9014
9015
9016
9012
9013
9011
9009
9010
9008
9007
9000
9001
9002
9003
9004
9005
9006
9037
9038
9039
9036
9035
9034
9033
9032
9031
9030
9040
9044
9045
9046
9047
9048
9049
9041
9042
9043
9051
9052
9053
9050
9054
9055
9058
9059
9057
9056
9080
9081
9082
9083
9084
9085
9086
9087
9088
9089
9090
9091
9079
9071
9072
9073
9074
9075
9078
9076
9077
9066
9063
9064
9065
9067
9068
9069
9070
9061
9062
9060
9107
9108
9109
9110
9106
9105
9100
9101
9102
9103
9104
9099
9098
9095
9096
9097
9093
9094
9092
9115
9114
9113
9112
9111
9116
9117
9118
9119
9120
9134
9135
9136
9133
9137
9138
9141
9142
9143
9140
9139
9144
9145
9146
9147
9148
9149
9150
9127
9128
9129
9130
9131
9132
9122
9123
9124
9125
9126
9121
9168
9166
9167
9165
9163
9164
9159
9160
9156
9157
9158
9161
9162
9155
9154
9153
9152
9151
9175
9176
9173
9174
9171
9172
9169
9170
9179
9180
9178
9177
9193
9194
9195
9197
9198
9196
9199
9201
9200
9205
9204
9206
9203
9202
9207
9208
9209
9210
9211
9185
9186
9187
9188
9189
9190
9191
9192
9181
9182
9183
9184
9227
9224
9225
9226
9223
9221
9222
9217
9218
9216
9219
9220
9215
9214
9213
9212
9232
9233
9230
9231
9229
9228
9236
9234
9235
9247
9248
9249
9250
9254
9251
9252
9253
9260
9258
9259
9261
9257
9255
9256
9262
9263
9264
9265
9266
9243
9242
9244
9245
9246
9237
9241
9238
9239
9240
9286
9287
9288
9289
9283
9284
9285
9280
9281
9282
9278
9279
9273
9274
9272
9275
9276
9277
9271
9269
9270
9268
9267
9294
9293
9292
9290
9291
9295
9305
9304
9302
9303
9306
9307
9308
9309
9310
9312
9313
9311
9314
9315
9316
9298
9299
9300
9301
9296
9297
9331
9332
9334
9333
9330
9329
9328
9324
9325
9326
9322
9323
9327
9321
9320
9317
9318
9319
9337
9336
9335
9338
9351
9352
9347
9348
9349
9350
9353
9354
9355
9356
9358
9359
9361
9360
9357
9362
9363
9367
9366
9364
9365
9342
9343
9344
9345
9346
9339
9340
9341
9389
9390
9386
9387
9388
9392
9393
9394
9391
9383
9384
9385
9382
9381
9377
9378
9375
9376
9373
9374
9379
9380
9372
9371
9368
9369
9370
9397
9395
9396
9400
9398
9399
9418
9417
9411
9412
9413
9414
9415
9406
9407
9408
9409
9410
9416
9419
9420
9423
9424
9425
9426
9427
9428
9430
9429
9434
9431
9432
9433
9421
9422
9435
9436
9440
9438
9439
9437
9403
9405
9404
9401
9402
9455
9461
9462
9460
9458
9459
9457
9467
9466
9463
9464
9465
9456
9454
9453
9450
9448
9449
9446
9447
9452
9451
9445
9444
9441
9442
9443
9471
9468
9469
9470
9473
9472
9491
9485
9486
9487
9488
9479
9480
9483
9484
9481
9482
9489
9490
9492
9493
9494
9495
9496
9499
9497
9498
9500
9501
9503
9502
9476
9478
9477
9474
9475
9514
9516
9517
9518
9515
9524
9523
9520
9519
9521
9522
9513
9512
9511
9510
9507
9508
9509
9506
9504
9505
9527
9525
9526
9531
9528
9529
9530
9545
9543
9542
9544
9539
9541
9540
9546
9547
9548
9550
9549
9551
9553
9552
9537
9538
9532
9533
9534
9536
9535
9565
9569
9566
9567
9568
9572
9573
9570
9571
9564
9563
9562
9560
9561
9556
9557
9558
9559
9554
9555
9575
9574
9581
9578
9579
9580
9576
9577
9594
9591
9593
9592
9588
9589
9590
9595
9596
9597
9598
9600
9599
9603
9601
9602
9605
9604
9586
9587
9582
9583
9585
9584
9614
9618
9615
9616
9617
9622
9619
9620
9621
9613
9612
9611
9610
9608
9609
9606
9607
9623
9624
9625
9629
9628
9626
9627
9644
9645
9646
9647
9639
9641
9642
9643
9640
9637
9638
9648
9649
9650
9651
9652
9653
9655
9654
9636
9635
9634
9630
9631
9633
9632
9664
9672
9671
9666
9667
9668
9669
9670
9665
9675
9673
9674
9662
9663
9661
9660
9659
9658
9656
9657
9676
9677
9681
9680
9678
9679
9691
9693
9692
9688
9689
9690
9694
9695
9696
9697
9698
9699
9701
9700
9687
9686
9682
9683
9685
9684
9711
9712
9713
9714
9715
9716
9717
9718
9710
9709
9708
9707
9706
9705
9702
9703
9704
9719
9720
9721
9722
9723
9724
9725
9729
9726
9727
9728
9741
9742
9743
9744
9740
9738
9739
9745
9746
9747
9748
9749
9750
9751
9754
9752
9753
9736
9737
9735
9734
9733
9732
9730
9731
9769
9768
9766
9767
9770
9771
9765
9764
9762
9763
9761
9760
9759
9758
9755
9756
9757
9772
9773
9774
9776
9775
9787
9790
9788
9789
9786
9784
9785
9791
9792
9794
9795
9793
9796
9797
9798
9799
9801
9802
9800
9783
9781
9782
9780
9777
9778
9779
9817
9816
9818
9819
9820
9821
9823
9822
9814
9815
9813
9811
9812
9808
9809
9810
9807
9806
9804
9803
9805
9824
9825
9826
9827
9828
9833
9831
9832
9829
9830
9845
9846
9844
9843
9841
9842
9848
9847
9849
9852
9853
9850
9851
9856
9857
9858
9859
9860
9861
9854
9855
9862
9863
9864
9865
9866
9840
9839
9838
9837
9834
9835
9836
9884
9882
9883
9885
9886
9890
9891
9887
9888
9889
9878
9879
9880
9881
9877
9876
9875
9870
9871
9872
9873
9874
9869
9868
9867
9892
9893
9894
9895
9898
9899
9897
9896
9913
9911
9912
9908
9910
9909
9916
9917
9915
9914
9918
9919
9920
9921
9922
9925
9926
9927
9928
9923
9924
9929
9930
9907
9906
9905
9900
9901
9902
9903
9904
9947
9948
9949
9951
9950
9945
9942
9943
9944
9946
9941
9940
9939
9938
9934
9933
9936
9937
9935
9932
9931
9952
9953
9954
9955
9959
9960
9958
9957
9956
9972
9971
9970
9969
9974
9976
9975
9973
9977
9978
9979
9980
9981
9985
9986
9982
9983
9984
9987
9988
9967
9968
9966
9965
9961
9962
9963
9964
10007
10008
10009
10004
10005
10006
10003
10002
10001
9998
9999
10000
9991
9990
9997
9995
9996
9992
9993
9994
9989
10010
10011
10014
10013
10012
10026
10025
10024
10029
10028
10027
10030
10031
10032
10033
10034
10039
10035
10036
10037
10038
10040
10023
10020
10021
10022
10015
10016
10017
10018
10019
10057
10058
10059
10060
10054
10055
10056
10053
10051
10052
10050
10048
10049
10047
10042
10045
10046
10043
10044
10041
10062
10063
10064
10061
10065
10072
10071
10070
10074
10073
10075
10077
10078
10076
10079
10080
10086
10087
10088
10083
10081
10082
10084
10085
10089
10090
10067
10068
10069
10066
10105
10106
10103
10104
10102
10100
10101
10099
10098
10092
10095
10096
10097
10094
10093
10091
10108
10107
10109
10115
10114
10117
10118
10116
10119
10121
10120
10122
10123
10124
10125
10126
10127
10128
10129
10137
10134
10131
10132
10133
10130
10135
10136
10138
10112
10113
10110
10111
10165
10166
10167
10163
10164
10162
10160
10161
10159
10157
10158
10156
10155
10140
10148
10149
10150
10154
10152
10153
10151
10144
10145
10146
10147
10141
10142
10143
10139
10168
10169
10174
10172
10173
10175
10176
10179
10177
10178
10180
10181
10182
10183
10195
10196
10188
10189
10190
10187
10186
10184
10185
10192
10191
10194
10193
10197
10170
10171
10224
10226
10227
10225
10223
10222
10218
10220
10221
10219
10217
10215
10216
10214
10199
10206
10205
10207
10208
10209
10211
10212
10213
10210
10203
10204
10200
10201
10202
10198
10228
10231
10230
10232
10233
10234
10236
10235
10237
10238
10239
10251
10252
10247
10248
10245
10246
10244
10241
10240
10242
10243
10249
10250
10253
10229
10275
10276
10274
10273
10272
10271
10269
10270
10267
10268
10256
10257
10261
10259
10260
10262
10265
10266
10264
10263
10258
10254
10255
10277
10280
10279
10281
10282
10283
10284
10285
10286
10287
10288
10293
10290
10289
10291
10292
10294
10278
10306
10307
10304
10305
10302
10303
10301
10300
10296
10298
10299
10297
10295
10308
10310
10311
10312
10313
10314
10315
10317
10316
10318
10319
10309
10337
10336
10334
10335
10333
10330
10331
10332
10323
10324
10325
10326
10327
10328
10329
10322
10320
10321
10338
10340
10341
10342
10343
10346
10344
10345
10347
10349
10348
10357
10356
10354
10355
10353
10351
10352
10350
10358
10359
10360
10339
10383
10382
10380
10381
10376
10379
10377
10378
10375
10372
10373
10374
10365
10366
10367
10368
10369
10370
10371
10364
10363
10361
10362
10384
10385
10386
10387
10393
10394
10395
10392
10388
10389
10390
10391
10396
10399
10398
10397
10405
10404
10403
10402
10401
10400
10406
10407
10408
10428
10427
10426
10421
10422
10423
10420
10424
10425
10419
10417
10418
10411
10412
10413
10414
10415
10416
10410
10409
10429
10430
10431
10432
10433
10434
10435
10440
10441
10438
10439
10436
10437
10442
10444
10443
10450
10449
10448
10447
10446
10445
10451
10452
10482
10483
10484
10485
10481
10476
10477
10478
10479
10480
10467
10468
10469
10470
10471
10472
10473
10474
10475
10464
10465
10463
10466
10462
10461
10455
10456
10457
10458
10459
10460
10454
10453
10487
10486
10491
10489
10490
10488
10495
10496
10494
10493
10492
10499
10498
10500
10497
10501
10502
10508
10509
10507
10505
10506
10504
10503
10510
10511
10538
10533
10534
10537
10535
10536
10530
10531
10532
10527
10526
10528
10529
10525
10521
10522
10523
10524
10514
10515
10517
10518
10516
10519
10520
10513
10512
10539
10543
10544
10542
10540
10541
10547
10546
10545
10551
10552
10549
10550
10548
10553
10554
10555
10561
10560
10559
10557
10558
10556
10562
10563
10596
10597
10590
10591
10592
10594
10595
10593
10587
10588
10589
10577
10578
10579
10580
10581
10582
10574
10575
10576
10584
10585
10583
10586
10572
10573
10571
10565
10566
10567
10569
10568
10570
10564
10598
10599
10600
10601
10602
10603
10604
10605
10613
10609
10610
10611
10612
10606
10607
10608
10625
10626
10627
10628
10629
10630
10631
10632
10633
10634
10635
10636
10637
10624
10620
10621
10622
10623
10639
10638
10616
10617
10618
10619
10614
10615
10641
10640
10642
10647
10646
10645
10644
10643
10648
10691
10688
10689
10690
10687
10686
10685
10683
10684
10679
10682
10680
10681
10670
10669
10668
10667
10665
10666
10664
10663
10662
10660
10661
10671
10672
10673
10659
10677
10675
10676
10674
10678
10657
10658
10656
10650
10651
10652
10653
10654
10655
10649
10692
10693
10694
10695
10696
10697
10698
10699
10703
10700
10702
10701
10712
10713
10714
10715
10716
10717
10709
10710
10711
10708
10718
10705
10706
10707
10704
10719
10720
10725
10724
10722
10723
10721
10726
10727
10760
10755
10756
10757
10758
10759
10754
10753
10749
10752
10750
10751
10741
10740
10739
10738
10742
10743
10735
10736
10737
10746
10747
10745
10744
10748
10734
10733
10729
10730
10731
10732
10728
10761
10762
10764
10765
10766
10763
10767
10768
10772
10769
10771
10770
10785
10786
10787
10788
10789
10780
10781
10782
10783
10784
10775
10776
10777
10774
10778
10779
10773
10790
10791
10794
10793
10792
10795
10826
10825
10822
10823
10824
10820
10821
10817
10819
10818
10807
10804
10805
10806
10802
10803
10808
10809
10810
10813
10814
10812
10811
10815
10816
10801
10797
10798
10799
10800
10796
10827
10830
10829
10828
10831
10835
10836
10837
10832
10833
10834
10845
10846
10847
10849
10848
10850
10851
10844
10841
10840
10842
10843
10838
10839
10852
10853
10855
10854
10856
10882
10883
10884
10885
10881
10877
10878
10880
10879
10868
10866
10867
10865
10869
10872
10873
10871
10870
10876
10874
10875
10861
10862
10863
10864
10860
10858
10859
10857
10887
10886
10888
10894
10892
10893
10889
10890
10891
10906
10907
10908
10904
10905
10900
10899
10901
10902
10903
10895
10896
10897
10898
10909
10910
10911
10913
10912
10914
10944
10945
10942
10943
10935
10936
10941
10940
10937
10938
10939
10923
10924
10925
10922
10921
10927
10926
10930
10931
10929
10928
10933
10934
10932
10919
10920
10917
10918
10915
10916
10949
10946
10947
10948
10950
10951
10959
10957
10958
10952
10953
10954
10955
10956
10972
10973
10968
10969
10970
10971
10965
10964
10966
10967
10962
10960
10961
10963
10974
10976
10975
11013
11016
11015
11014
11011
11012
11003
11004
11005
11006
11007
11008
11009
11010
10996
10998
10997
11002
11000
11001
10999
10982
10981
10985
10984
10983
10990
10991
10988
10989
10986
10987
10993
10995
10994
10992
10980
10977
10978
10979
11020
11017
11018
11019
11021
11023
11024
11025
11026
11027
11022
11030
11031
11028
11029
11047
11048
11043
11044
11045
11046
11037
11036
11039
11038
11040
11041
11042
11033
11034
11032
11035
11049
11052
11051
11050
11083
11086
11087
11088
11089
11090
11091
11092
11093
11085
11084
11081
11082
11080
11079
11078
11076
11077
11070
11071
11072
11075
11073
11074
11058
11057
11060
11059
11063
11064
11062
11061
11066
11067
11068
11069
11065
11056
11053
11054
11055
11100
11097
11096
11094
11095
11098
11099
11101
11102
11103
11104
11105
11106
11115
11114
11112
11113
11107
11108
11111
11109
11110
11127
11128
11124
11125
11126
11121
11120
11122
11123
11118
11117
11116
11119
11129
11132
11131
11130
11165
11167
11168
11169
11170
11166
11163
11164
11162
11161
11160
11150
11151
11153
11154
11152
11159
11158
11155
11157
11156
11140
11141
11137
11138
11139
11144
11145
11143
11142
11147
11148
11149
11146
11136
11133
11134
11135
11176
11173
11174
11172
11171
11175
11178
11177
11179
11180
11181
11187
11185
11186
11182
11183
11184
11195
11196
11193
11192
11194
11190
11189
11188
11191
11197
11200
11199
11198
11225
11228
11227
11229
11230
11231
11232
11226
11223
11224
11222
11221
11220
11214
11215
11216
11217
11219
11218
11205
11207
11208
11206
11210
11211
11212
11213
11209
11204
11201
11202
11203
11244
11241
11242
11239
11240
11238
11233
11234
11235
11236
11237
11243
11246
11245
11247
11248
11249
11254
11252
11253
11250
11251
11263
11262
11259
11260
11261
11258
11257
11255
11256
11264
11267
11266
11265
11299
11302
11301
11303
11304
11305
11300
11292
11293
11294
11295
11296
11297
11298
11290
11291
11289
11284
11285
11288
11286
11287
11274
11275
11277
11278
11276
11279
11280
11283
11281
11282
11272
11273
11268
11269
11270
11271
11313
11310
11311
11309
11308
11306
11307
11312
11318
11319
11316
11317
11314
11315
11320
11321
11322
11323
11325
11324
11334
11335
11336
11333
11332
11331
11330
11326
11328
11329
11327
11337
11340
11339
11338
11366
11369
11370
11368
11371
11372
11373
11367
11361
11362
11364
11363
11365
11360
11359
11358
11357
11346
11347
11348
11349
11350
11351
11355
11356
11353
11352
11354
11345
11341
11342
11343
11344
11382
11379
11380
11378
11375
11376
11377
11374
11381
11388
11387
11383
11384
11385
11386
11389
11390
11391
11392
11393
11394
11405
11404
11403
11402
11400
11401
11395
11396
11397
11399
11398
11406
11407
11428
11432
11430
11431
11433
11434
11435
11436
11429
11422
11423
11427
11424
11425
11426
11421
11420
11419
11411
11412
11413
11414
11415
11418
11416
11417
11410
11408
11409
11444
11445
11440
11441
11442
11439
11438
11437
11443
11452
11450
11451
11446
11448
11449
11447
11453
11454
11455
11456
11457
11464
11463
11462
11461
11458
11460
11459
11465
11467
11466
11490
11491
11493
11494
11492
11485
11486
11489
11487
11488
11481
11482
11483
11484
11480
11479
11478
11470
11471
11472
11473
11476
11477
11474
11475
11468
11469
11499
11500
11497
11495
11496
11498
11505
11506
11504
11501
11503
11502
11509
11508
11507
11510
11511
11512
11513
11514
11522
11521
11520
11516
11515
11518
11519
11517
11524
11523
11549
11552
11553
11554
11555
11550
11551
11544
11543
11545
11548
11546
11547
11540
11541
11542
11538
11539
11537
11534
11535
11536
11527
11528
11529
11533
11530
11531
11532
11525
11526
11560
11557
11556
11559
11558
11564
11565
11563
11562
11561
11567
11566
11568
11569
11574
11573
11572
11570
11571
11575
11594
11596
11597
11595
11590
11589
11591
11592
11593
11587
11588
11586
11585
11577
11578
11579
11580
11581
11582
11584
11583
11576
11601
11599
11600
11598
11606
11607
11608
11604
11605
11603
11602
11610
11609
11611
11612
11616
11617
11615
11614
11613
11618
11637
11638
11639
11630
11631
11629
11628
11634
11632
11633
11635
11636
11626
11627
11625
11620
11621
11622
11623
11624
11619
11643
11642
11640
11641
11650
11649
11651
11652
11646
11648
11647
11644
11645
11654
11653
11655
11660
11658
11659
11657
11656
11661
11686
11687
11688
11690
11689
11674
11675
11676
11677
11678
11679
11673
11672
11682
11680
11681
11684
11685
11683
11670
11671
11669
11663
11665
11664
11666
11667
11668
11662
11696
11694
11695
11693
11691
11692
11706
11704
11705
11703
11702
11698
11700
11701
11699
11697
11708
11709
11707
11710
11711
11717
11718
11715
11716
11714
11713
11712
11719
11736
11737
11738
11740
11739
11728
11729
11730
11734
11731
11732
11733
11735
11726
11727
11725
11721
11722
11723
11724
11720
11745
11744
11743
11741
11742
11753
11752
11751
11747
11750
11749
11748
11746
11755
11754
11756
11757
11760
11759
11758
11761
11780
11781
11782
11784
11783
11771
11772
11773
11778
11774
11775
11776
11777
11779
11768
11769
11770
11767
11765
11766
11763
11764
11762
11789
11788
11786
11787
11785
11799
11798
11797
11791
11795
11796
11793
11794
11792
11790
11801
11800
11802
11803
11805
11804
11806
11828
11829
11830
11831
11819
11820
11821
11826
11822
11823
11824
11825
11827
11813
11814
11815
11816
11817
11818
11812
11808
11809
11810
11811
11807
11834
11833
11832
11844
11845
11843
11842
11836
11837
11839
11840
11841
11838
11835
11846
11847
11849
11848
11850
11863
11864
11865
11853
11854
11855
11856
11857
11861
11859
11858
11860
11862
11852
11851
11868
11866
11867
11875
11874
11873
11869
11871
11872
11870
11876
11877
11878
11892
11894
11893
11882
11883
11884
11885
11886
11887
11891
11889
11888
11890
11881
11880
11879
11897
11895
11896
11905
11906
11904
11903
11902
11901
11898
11899
11900
11907
11908
11920
11921
11912
11911
11913
11914
11915
11916
11919
11918
11917
11910
11909
11923
11922
11933
11934
11932
11931
11930
11929
11924
11925
11926
11927
11928
11935
11936
11952
11953
11941
11940
11942
11943
11944
11945
11946
11951
11950
11949
11948
11947
11939
11937
11938
11955
11956
11954
11967
11968
11966
11965
11964
11963
11957
11958
11959
11960
11961
11962
11969
11970
11986
11987
11975
11976
11974
11977
11978
11979
11980
11985
11984
11983
11982
11981
11973
11971
11972
11989
11988
11998
11997
11999
11996
11995
11994
11990
11991
11992
11993
12000
12001
12013
12014
12005
12004
12006
12007
12008
12012
12011
12010
12009
12003
12002
12015
12023
12024
12022
12021
12020
12016
12017
12018
12019
12025
12026
12027
12043
12034
12033
12035
12036
12037
12042
12041
12039
12040
12038
12029
12030
12031
12032
12028
12044
12054
12055
12056
12057
12058
12059
12053
12052
12051
12045
12046
12048
12047
12049
12050
12060
12074
12063
12062
12064
12065
12066
12073
12072
12070
12071
12068
12069
12067
12061
12075
12076
12077
12078
12089
12090
12088
12087
12086
12079
12080
12082
12083
12081
12084
12085
12091
12105
12093
12094
12095
12096
12097
12104
12103
12101
12100
12102
12099
12098
12092
12106
12120
12119
12118
12117
12116
12107
12108
12109
12111
12112
12110
12113
12114
12115
12121
12136
12137
12123
12124
12125
12126
12127
12128
12135
12134
12132
12133
12131
12130
12129
12122
12138
12148
12147
12146
12139
12140
12142
12141
12143
12144
12145
12149
12162
12151
12152
12153
12154
12161
12160
12158
12159
12157
12156
12155
12150
12163
12174
12175
12173
12172
12164
12165
12166
12168
12167
12169
12170
12171
12176
12189
12178
12179
12180
12188
12187
12186
12184
12185
12183
12182
12181
12177
12190
12191
12201
12200
12192
12193
12196
12194
12195
12197
12198
12199
12202
12203
12204
12205
12211
12209
12210
12208
12206
12207
12218
12217
12212
12213
12214
12215
12216
12219
12220
12221
12225
12224
12223
12222
12230
12226
12227
12228
12229
12231
12235
12234
12233
12232
12240
12236
12237
12238
12239
12241
12246
12244
12245
12243
12242
12252
12253
12247
12248
12249
12250
12251
12254
12258
12257
12256
12255
12262
12259
12260
12261
12263
12265
12264
12267
12266
12268
12269
12271
12270
12272
12273
12275
12274
12276
12277
12279
12278
12280
12281
12282
12285
12284
12283
12286
12287
12288
12289
12292
12291
12290
12293
12294
12295
12298
12299
12297
12296
12301
12300
12302
12303
12305
12306
12304
12310
12307
12308
12309
12311
12313
12315
12314
12312
12319
12316
12317
12318
12320
12322
12324
12323
12321
12327
12325
12326
12328
12330
12331
12329
12332
12333
12335
12334
12336
12337
12339
12338
12340
12341
12343
12342
12344
12345
12348
12346
12347
12349
12351
12350
12354
12352
12353
12355
12356
12357
12358
