4869
4870
4871
4872
4873
4874
4875
4876
4877
4878
4879
4880
4885
4881
4882
4883
4884
4890
4889
4886
4887
4888
4891
4892
4893
4894
4898
4895
4896
4897
4904
4902
4903
4899
4901
4900
4905
4906
4907
4908
4909
4911
4912
4910
4924
4925
4923
4920
4921
4922
4919
4918
4913
4914
4915
4916
4917
4928
4926
4927
4929
4933
4931
4932
4930
4934
4935
4939
4940
4941
4936
4937
4938
4957
4955
4956
4954
4952
4953
4951
4950
4946
4942
4943
4944
4945
4948
4949
4947
4958
4959
4960
4962
4961
4963
4964
4967
4968
4965
4966
4969
4974
4981
4977
4978
4979
4980
4975
4976
4971
4972
4970
4973
5013
5014
5012
5009
5010
5011
5007
5008
5006
5005
4992
4993
4994
4995
4982
4991
4983
4984
4985
4986
4987
4988
4989
4990
4998
4999
5000
5001
4997
5002
5003
5004
4996
5015
5016
5018
5017
5019
5020
5021
5037
5038
5039
5040
5041
5042
5043
5063
5044
5045
5046
5055
5056
5057
5058
5059
5060
5061
5062
5054
5047
5048
5049
5050
5051
5052
5053
5029
5030
5031
5032
5033
5034
5028
5027
5026
5035
5025
5022
5023
5024
5036
5107
5108
5105
5106
5104
5103
5087
5088
5085
5086
5064
5068
5067
5066
5065
5076
5077
5078
5079
5080
5081
5082
5083
5084
5072
5073
5074
5075
5071
5070
5069
5094
5095
5096
5097
5093
5092
5090
5091
5098
5099
5100
5101
5102
5089
5110
5109
5112
5111
5113
5114
5130
5129
5131
5155
5145
5146
5147
5148
5149
5150
5151
5152
5153
5154
5140
5139
5133
5134
5135
5136
5137
5138
5132
5143
5142
5141
5144
5123
5121
5122
5120
5124
5125
5126
5127
5128
5119
5118
5117
5116
5115
5204
5203
5202
5191
5156
5168
5169
5167
5164
5165
5166
5160
5161
5162
5163
5158
5159
5157
5173
5174
5187
5188
5182
5183
5184
5185
5186
5175
5176
5177
5178
5179
5180
5181
5189
5190
5170
5171
5172
5196
5195
5194
5193
5192
5197
5198
5199
5200
5201
5205
5206
5207
5208
5231
5232
5233
5234
5235
5281
5263
5266
5264
5265
5269
5270
5268
5267
5273
5274
5275
5276
5277
5278
5279
5271
5272
5280
5259
5237
5238
5239
5253
5254
5243
5244
5245
5246
5247
5248
5249
5250
5251
5252
5242
5240
5241
5258
5257
5256
5255
5236
5262
5261
5260
5220
5221
5222
5223
5224
5225
5226
5227
5228
5229
5230
5219
5217
5218
5216
5214
5215
5209
5210
5211
5212
5213
5368
5369
5370
5371
5372
5373
5367
5365
5366
5364
5333
5332
5331
5282
5296
5298
5299
5300
5301
5302
5297
5295
5294
5293
5292
5291
5284
5285
5286
5287
5288
5289
5290
5283
5308
5329
5327
5328
5311
5312
5313
5324
5323
5321
5322
5319
5320
5315
5316
5317
5318
5314
5325
5326
5309
5310
5330
5303
5304
5305
5306
5307
5348
5349
5340
5341
5342
5343
5344
5345
5346
5347
5339
5338
5337
5336
5335
5334
5350
5351
5352
5353
5354
5355
5356
5360
5361
5362
5363
5359
5358
5357
5378
5379
5377
5374
5375
5376
5380
5381
5382
5383
5384
5423
5424
5425
5426
5427
5428
5456
5457
5458
5459
5460
5455
5461
5462
5463
5464
5471
5469
5470
5468
5466
5467
5465
5472
5444
5445
5446
5429
5430
5442
5433
5434
5435
5436
5437
5438
5440
5439
5441
5432
5431
5443
5453
5454
5449
5450
5451
5452
5448
5447
5396
5413
5414
5408
5409
5410
5411
5412
5401
5402
5403
5404
5405
5406
5407
5400
5398
5399
5397
5415
5416
5417
5418
5419
5420
5421
5422
5391
5392
5393
5394
5395
5390
5388
5389
5387
5386
5385
5567
5568
5571
5570
5569
5566
5565
5564
5561
5562
5563
5525
5524
5523
5522
5488
5489
5490
5491
5487
5486
5485
5484
5483
5482
5474
5475
5476
5477
5478
5473
5479
5481
5480
5497
5520
5521
5518
5519
5499
5513
5509
5510
5511
5512
5503
5504
5505
5506
5507
5508
5500
5501
5502
5514
5515
5516
5517
5498
5492
5494
5495
5493
5496
5533
5532
5538
5537
5535
5536
5534
5540
5541
5539
5542
5543
5545
5544
5531
5530
5529
5528
5527
5526
5552
5550
5551
5549
5546
5547
5548
5555
5556
5557
5553
5554
5558
5559
5560
5574
5572
5573
5575
5578
5577
5576
5621
5622
5623
5663
5664
5665
5659
5660
5661
5662
5658
5666
5667
5668
5669
5670
5676
5675
5674
5677
5678
5679
5673
5671
5672
5652
5624
5625
5626
5627
5628
5629
5636
5640
5639
5637
5638
5644
5645
5641
5642
5643
5649
5650
5647
5648
5646
5634
5635
5632
5633
5631
5630
5651
5654
5655
5656
5657
5653
5609
5610
5611
5612
5605
5606
5607
5608
5601
5602
5603
5600
5604
5598
5599
5594
5595
5596
5597
5613
5614
5615
5616
5617
5618
5619
5620
5582
5583
5584
5585
5587
5588
5586
5589
5590
5591
5593
5592
5580
5579
5581
5773
5772
5770
5771
5729
5730
5728
5697
5694
5695
5696
5699
5698
5693
5692
5691
5684
5685
5686
5683
5680
5681
5682
5687
5689
5690
5688
5703
5727
5726
5722
5723
5724
5725
5721
5716
5715
5708
5710
5711
5712
5713
5714
5709
5706
5707
5717
5718
5719
5720
5704
5705
5701
5700
5702
5742
5743
5739
5740
5741
5746
5744
5745
5750
5749
5751
5747
5748
5752
5754
5755
5756
5753
5738
5736
5737
5735
5734
5733
5732
5731
5767
5766
5765
5764
5763
5760
5761
5762
5759
5757
5758
5769
5768
5774
5777
5778
5775
5776
5825
5826
5827
5863
5866
5864
5865
5867
5868
5869
5870
5876
5877
5878
5875
5879
5880
5874
5872
5871
5873
5859
5828
5829
5833
5834
5835
5836
5837
5838
5839
5840
5841
5842
5843
5830
5831
5832
5844
5848
5849
5855
5851
5852
5850
5853
5854
5857
5856
5847
5846
5845
5858
5861
5862
5860
5814
5817
5816
5815
5810
5811
5812
5813
5798
5799
5797
5800
5801
5802
5803
5804
5805
5806
5807
5808
5809
5796
5794
5793
5795
5818
5819
5820
5821
5822
5823
5824
5780
5781
5785
5786
5787
5783
5784
5782
5788
5789
5790
5791
5792
5779
5995
5992
5991
5994
5993
5955
5954
5892
5894
5895
5893
5891
5890
5889
5885
5884
5882
5883
5881
5886
5887
5888
5899
5951
5946
5947
5948
5949
5950
5936
5937
5938
5939
5940
5941
5942
5943
5944
5945
5919
5920
5921
5922
5923
5924
5925
5926
5927
5928
5929
5930
5931
5932
5933
5934
5935
5917
5918
5914
5915
5916
5952
5953
5913
5908
5907
5905
5904
5906
5903
5902
5900
5901
5909
5910
5911
5912
5897
5896
5898
5965
5962
5963
5964
5974
5973
5975
5972
5971
5969
5970
5968
5967
5966
5976
5977
5978
5979
5980
5961
5960
5959
5958
5957
5956
5988
5989
5985
5986
5984
5987
5983
5982
5981
5990
5996
5999
6000
6001
5997
5998
6040
6041
6042
6117
6118
6116
6119
6120
6121
6128
6129
6130
6131
6132
6133
6134
6135
6136
6137
6127
6125
6126
6122
6123
6124
6113
6045
6046
6047
6059
6060
6061
6062
6063
6064
6065
6066
6067
6068
6058
6056
6057
6055
6053
6054
6049
6050
6051
6052
6048
6090
6087
6088
6089
6086
6081
6082
6083
6084
6085
6080
6077
6078
6079
6076
6075
6074
6073
6070
6071
6072
6069
6091
6092
6095
6094
6093
6044
6043
6102
6103
6104
6105
6107
6108
6109
6106
6110
6112
6111
6100
6101
6098
6099
6096
6097
6115
6114
6028
6032
6033
6031
6029
6030
6020
6021
6017
6018
6019
6022
6023
6025
6024
6026
6027
6016
6015
6014
6034
6035
6036
6037
6038
6039
6003
6004
6006
6007
6008
6009
6010
6011
6005
6012
6013
6002
6258
6260
6261
6262
6259
6227
6226
6154
6153
6152
6143
6142
6141
6140
6139
6138
6146
6144
6145
6148
6149
6150
6151
6147
6157
6224
6211
6212
6213
6214
6206
6207
6208
6209
6210
6205
6204
6203
6202
6200
6201
6215
6217
6216
6218
6221
6222
6223
6220
6219
6181
6183
6184
6182
6190
6188
6189
6185
6186
6187
6192
6191
6193
6194
6195
6196
6197
6198
6199
6179
6180
6178
6174
6175
6176
6177
6225
6169
6170
6168
6167
6164
6165
6166
6163
6159
6160
6161
6162
6158
6172
6171
6173
6155
6156
6238
6235
6236
6237
6241
6242
6243
6244
6240
6239
6245
6234
6232
6233
6231
6229
6230
6228
6256
6257
6255
6254
6253
6252
6250
6251
6247
6248
6249
6246
6265
6264
6263
6297
6371
6372
6373
6382
6383
6384
6385
6386
6380
6381
6377
6378
6376
6374
6375
6379
6368
6307
6308
6309
6310
6306
6317
6318
6319
6320
6321
6315
6316
6312
6313
6314
6311
6322
6323
6324
6325
6326
6305
6304
6302
6303
6300
6299
6298
6301
6341
6340
6342
6343
6344
6336
6337
6338
6339
6335
6334
6331
6332
6333
6329
6330
6328
6327
6345
6346
6353
6352
6354
6355
6359
6358
6356
6357
6360
6361
6365
6366
6364
6363
6362
6367
6349
6350
6351
6347
6348
6370
6369
6287
6291
6290
6288
6289
6282
6283
6281
6280
6279
6284
6285
6286
6277
6278
6292
6293
6294
6296
6295
6267
6266
6268
6269
6270
6275
6274
6271
6272
6273
6276
6507
6508
6509
6471
6401
6400
6393
6392
6388
6389
6390
6391
6387
6394
6397
6396
6398
6399
6395
6406
6407
6408
6463
6461
6462
6454
6455
6456
6453
6451
6452
6457
6458
6459
6460
6448
6449
6450
6447
6446
6464
6465
6466
6468
6469
6470
6467
6437
6438
6436
6433
6434
6435
6432
6442
6443
6441
6440
6439
6444
6445
6431
6430
6421
6422
6423
6424
6420
6419
6417
6418
6416
6412
6413
6410
6411
6414
6415
6409
6425
6426
6427
6428
6429
6402
6403
6404
6405
6482
6478
6479
6480
6481
6485
6486
6487
6488
6489
6484
6483
6490
6476
6477
6475
6474
6472
6473
6503
6504
6505
6506
6502
6500
6501
6492
6493
6494
6495
6496
6497
6498
6499
6491
6511
6510
6539
6540
6600
6601
6602
6610
6611
6614
6613
6612
6609
6605
6606
6604
6603
6607
6608
6596
6594
6595
6547
6549
6548
6557
6556
6558
6560
6561
6559
6554
6555
6553
6551
6552
6550
6562
6563
6544
6545
6546
6543
6541
6542
6571
6570
6574
6573
6572
6575
6567
6568
6569
6565
6566
6564
6576
6585
6584
6583
6586
6588
6587
6593
6591
6592
6590
6589
6582
6580
6581
6579
6578
6577
6599
6598
6597
6528
6531
6532
6533
6530
6529
6526
6523
6524
6525
6522
6527
6521
6535
6534
6536
6538
6537
6513
6514
6512
6519
6518
6516
6517
6515
6520
6715
6716
6717
6626
6627
6620
6619
6615
6616
6617
6618
6621
6623
6624
6625
6622
6632
6682
6681
6664
6663
6660
6661
6662
6666
6665
6667
6668
6669
6670
6671
6672
6673
6674
6675
6676
6678
6677
6679
6680
6659
6658
6685
6686
6687
6684
6683
6688
6689
6649
6650
6651
6652
6653
6654
6648
6657
6656
6655
6639
6640
6641
6642
6638
6636
6637
6633
6635
6634
6644
6645
6643
6646
6647
6628
6629
6630
6631
6702
6699
6700
6698
6701
6704
6705
6703
6706
6696
6697
6692
6693
6694
6695
6690
6691
6713
6711
6712
6714
6708
6709
6710
6707
6720
6721
6719
6718
6809
6814
6815
6816
6818
6817
6813
6812
6811
6810
6805
6765
6766
6767
6768
6786
6788
6787
6785
6784
6783
6782
6781
6780
6778
6779
6777
6776
6775
6773
6774
6770
6771
6772
6769
6789
6760
6761
6762
6759
6763
6764
6758
6795
6794
6793
6792
6796
6790
6791
6802
6801
6803
6804
6799
6798
6800
6797
6808
6807
6806
6739
6741
6742
6743
6744
6745
6746
6747
6740
6737
6738
6749
6750
6748
6754
6753
6751
6752
6757
6755
6756
6724
6725
6726
6727
6728
6722
6723
6735
6733
6734
6729
6730
6731
6732
6736
6926
6927
6928
6830
6824
6825
6823
6821
6822
6819
6820
6826
6827
6828
6829
6835
6872
6870
6871
6868
6869
6849
6847
6848
6850
6851
6852
6853
6854
6855
6856
6857
6858
6859
6860
6862
6861
6865
6864
6863
6866
6867
6846
6875
6876
6873
6874
6877
6878
6879
6880
6840
6841
6842
6843
6844
6845
6836
6837
6838
6839
6831
6832
6833
6834
6904
6902
6900
6901
6892
6893
6894
6895
6896
6897
6898
6899
6903
6905
6887
6888
6889
6890
6891
6882
6883
6884
6885
6886
6881
6919
6920
6921
6918
6917
6914
6915
6916
6925
6922
6923
6924
6906
6907
6908
6909
6913
6911
6912
6910
6930
6929
7026
7027
7033
7034
7035
7036
7037
7038
7039
7040
7041
7032
7031
7030
7028
7029
7021
6980
6982
6981
6985
6986
6987
6983
6984
7007
7008
7009
7010
7006
7005
7004
7000
7001
7002
7003
6999
6997
6998
6996
6994
6995
6991
6992
6993
6990
6988
6989
7011
6979
6978
6977
6976
7014
7015
7016
7017
7013
7012
7020
7019
7018
7024
7025
7023
7022
6948
6953
6954
6955
6956
6952
6965
6966
6963
6964
6961
6962
6960
6959
6957
6958
6949
6950
6951
6947
6969
6970
6968
6967
6974
6972
6973
6971
6975
6935
6934
6936
6937
6938
6939
6933
6931
6932
6946
6942
6943
6944
6945
6940
6941
7147
7148
7057
7056
7048
7049
7050
7047
7046
7043
7044
7045
7042
7051
7052
7053
7054
7055
7061
7090
7089
7087
7088
7072
7071
7070
7073
7074
7078
7077
7076
7075
7079
7080
7081
7084
7085
7083
7082
7086
7069
7091
7092
7093
7094
7095
7067
7066
7065
7068
7062
7063
7064
7059
7058
7060
7122
7112
7109
7110
7111
7108
7104
7105
7103
7106
7107
7121
7114
7115
7116
7117
7118
7119
7120
7113
7123
7098
7099
7100
7101
7102
7097
7096
7141
7142
7139
7140
7138
7133
7134
7135
7136
7137
7132
7143
7144
7145
7146
7124
7129
7128
7125
7126
7127
7131
7130
7150
7151
7149
7239
7240
7241
7245
7246
7247
7248
7249
7252
7251
7250
7244
7243
7242
7236
7201
7202
7203
7204
7205
7207
7208
7209
7206
7225
7226
7224
7221
7222
7223
7219
7220
7217
7218
7216
7210
7211
7212
7213
7214
7215
7227
7199
7200
7198
7197
7230
7231
7232
7233
7228
7229
7234
7235
7238
7237
7174
7183
7184
7185
7190
7189
7191
7186
7187
7188
7175
7176
7181
7180
7179
7178
7177
7182
7173
7194
7192
7193
7195
7196
7158
7157
7159
7160
7161
7164
7165
7163
7162
7156
7154
7155
7153
7152
7172
7169
7170
7171
7166
7167
7168
7343
7342
7344
7263
7262
7258
7257
7256
7253
7254
7255
7259
7260
7261
7296
7293
7294
7295
7291
7292
7288
7287
7286
7289
7290
7275
7274
7276
7278
7277
7279
7281
7280
7282
7285
7284
7283
7273
7297
7298
7299
7300
7301
7302
7271
7269
7270
7268
7267
7272
7266
7264
7265
7321
7316
7315
7314
7308
7309
7307
7313
7310
7311
7312
7320
7317
7318
7319
7305
7306
7304
7303
7336
7333
7334
7335
7337
7339
7338
7340
7341
7322
7331
7332
7324
7325
7326
7327
7328
7329
7330
7323
7346
7347
7348
7345
7423
7427
7428
7431
7432
7430
7429
7426
7425
7424
7395
7393
7394
7392
7396
7399
7400
7398
7397
7414
7413
7408
7409
7410
7411
7412
7407
7405
7406
7404
7401
7402
7403
7415
7391
7418
7417
7419
7420
7416
7422
7421
7372
7378
7379
7380
7381
7382
7383
7386
7387
7385
7384
7373
7377
7375
7376
7374
7388
7389
7390
7358
7360
7361
7359
7353
7354
7355
7356
7357
7350
7351
7352
7349
7371
7363
7362
7368
7369
7366
7367
7364
7365
7370
7520
7521
7522
7523
7519
7524
7525
7443
7438
7437
7434
7433
7435
7436
7439
7440
7441
7442
7472
7473
7469
7466
7467
7468
7470
7471
7453
7454
7457
7456
7455
7458
7460
7459
7461
7465
7462
7463
7464
7452
7474
7448
7449
7450
7447
7446
7451
7444
7445
7495
7488
7487
7485
7486
7484
7483
7482
7479
7478
7480
7481
7493
7494
7489
7490
7491
7492
7477
7476
7475
7511
7509
7507
7508
7510
7516
7514
7515
7513
7512
7517
7518
7496
7504
7505
7506
7499
7498
7501
7502
7500
7503
7497
7531
7532
7528
7529
7530
7533
7527
7526
7622
7623
7624
7627
7628
7626
7625
7621
7619
7620
7618
7579
7580
7576
7577
7578
7582
7583
7590
7588
7589
7584
7585
7586
7587
7581
7606
7603
7604
7605
7601
7602
7600
7599
7591
7595
7596
7597
7598
7594
7592
7593
7607
7575
7610
7609
7611
7612
7613
7614
7615
7608
7616
7617
7555
7559
7560
7561
7562
7563
7564
7565
7569
7570
7571
7572
7567
7568
7566
7556
7558
7557
7573
7574
7541
7540
7537
7538
7539
7535
7536
7534
7543
7542
7550
7551
7552
7553
7545
7546
7547
7548
7549
7544
7554
7723
7724
7722
7729
7727
7728
7725
7726
7720
7721
7730
7633
7632
7630
7629
7631
7634
7635
7674
7672
7673
7676
7677
7678
7679
7680
7675
7671
7662
7663
7664
7665
7666
7670
7669
7667
7668
7648
7649
7651
7650
7652
7653
7659
7660
7661
7657
7656
7655
7654
7658
7647
7681
7643
7644
7645
7641
7642
7640
7639
7637
7638
7646
7636
7701
7695
7694
7693
7692
7691
7685
7684
7686
7687
7688
7689
7690
7700
7696
7697
7698
7699
7683
7682
7712
7713
7716
7714
7715
7718
7717
7719
7710
7711
7704
7703
7702
7708
7707
7706
7705
7709
7737
7736
7738
7739
7732
7733
7734
7735
7741
7740
7731
7809
7811
7810
7807
7808
7770
7768
7769
7767
7766
7771
7784
7779
7780
7781
7782
7783
7776
7777
7778
7772
7773
7775
7774
7797
7795
7796
7794
7793
7786
7785
7789
7790
7791
7792
7787
7788
7798
7801
7800
7802
7803
7804
7806
7805
7799
7756
7759
7760
7761
7764
7763
7762
7757
7758
7765
7746
7747
7745
7744
7742
7743
7748
7749
7750
7754
7755
7752
7753
7751
7887
7888
7885
7886
7884
7893
7894
7892
7891
7889
7890
7881
7882
7883
7895
7814
7812
7813
7816
7817
7815
7858
7860
7859
7861
7862
7855
7856
7857
7843
7847
7846
7845
7844
7849
7850
7851
7848
7852
7853
7854
7829
7831
7830
7832
7841
7842
7838
7833
7834
7835
7836
7837
7840
7839
7828
7825
7826
7824
7822
7823
7821
7818
7819
7820
7827
7874
7871
7872
7870
7868
7869
7864
7865
7866
7867
7873
7863
7879
7880
7878
7876
7875
7877
7907
7906
7908
7899
7900
7898
7901
7902
7903
7905
7904
7911
7912
7910
7909
7896
7897
7972
7973
7975
7974
7970
7969
7971
7930
7927
7928
7929
7926
7932
7931
7941
7942
7939
7940
7938
7935
7936
7937
7934
7933
7960
7956
7957
7958
7959
7955
7944
7945
7946
7943
7949
7950
7951
7952
7953
7954
7947
7948
7961
7963
7962
7964
7965
7966
7968
7967
7917
7919
7920
7921
7924
7923
7922
7918
7925
7913
7914
7915
7916
8044
8045
8043
8050
8049
8048
8047
8046
8041
8040
8042
8051
7978
7977
7976
7980
7981
7982
7979
8023
8024
8025
8026
8027
8013
8014
8015
8016
8017
8018
8019
8020
8021
8022
8005
8004
8006
8007
8008
8011
8010
8009
8012
7991
7993
7992
8000
8001
8002
8003
7996
7994
7995
7999
7997
7998
7990
7989
7988
7987
7986
7983
7984
7985
8036
8034
8033
8032
8029
8030
8031
8035
8028
8039
8038
8037
8060
8061
8062
8053
8054
8055
8056
8057
8058
8059
8064
8065
8063
8052
8129
8130
8131
8132
8127
8126
8128
8083
8082
8081
8079
8080
8078
8094
8093
8090
8091
8092
8088
8089
8086
8087
8085
8084
8106
8107
8108
8102
8103
8104
8105
8101
8100
8096
8097
8098
8099
8095
8116
8115
8109
8114
8113
8110
8111
8112
8117
8118
8119
8120
8121
8124
8125
8122
8123
8069
8071
8072
8073
8076
8075
8074
8070
8077
8066
8067
8068
8199
8205
8204
8203
8202
8201
8200
8196
8195
8197
8198
8206
8136
8135
8134
8133
8139
8140
8137
8138
8177
8178
8179
8180
8166
8167
8169
8170
8168
8173
8171
8172
8174
8175
8176
8160
8159
8161
8164
8162
8163
8165
8154
8158
8155
8156
8157
8153
8152
8151
8148
8149
8150
8147
8142
8143
8144
8141
8146
8145
8192
8189
8190
8186
8187
8188
8182
8183
8184
8185
8191
8181
8194
8193
8211
8208
8209
8210
8213
8212
8207
8273
8274
8275
8276
8272
8230
8229
8228
8240
8241
8239
8237
8238
8236
8233
8235
8234
8232
8231
8247
8248
8246
8243
8244
8245
8242
8256
8249
8255
8250
8251
8252
8253
8254
8257
8258
8259
8260
8261
8262
8264
8263
8265
8266
8270
8269
8271
8267
8268
8216
8220
8221
8219
8218
8226
8224
8225
8223
8222
8217
8227
8214
8215
8336
8337
8339
8338
8334
8335
8340
8280
8279
8277
8278
8318
8319
8320
8309
8310
8311
8312
8313
8314
8315
8316
8317
8305
8308
8306
8307
8295
8303
8304
8296
8297
8301
8302
8299
8300
8298
8294
8292
8293
8291
8290
8289
8288
8285
8286
8287
8284
8282
8283
8281
8331
8326
8327
8325
8328
8329
8322
8323
8324
8330
8321
8333
8332
8345
8344
8342
8343
8346
8347
8348
8341
8402
8403
8404
8405
8407
8406
8362
8361
8360
8368
8367
8366
8365
8364
8363
8369
8370
8371
8372
8373
8385
8375
8374
8384
8382
8383
8377
8378
8379
8376
8380
8381
8386
8388
8387
8389
8390
8391
8392
8393
8396
8397
8395
8394
8398
8400
8399
8401
8350
8355
8354
8353
8352
8358
8357
8356
8351
8359
8349
8462
8464
8463
8465
8413
8412
8411
8408
8409
8410
8447
8448
8449
8440
8441
8442
8443
8444
8445
8446
8438
8439
8437
8428
8435
8436
8429
8430
8431
8434
8433
8432
8427
8426
8425
8424
8423
8422
8420
8421
8419
8416
8417
8418
8414
8415
8461
8454
8455
8456
8457
8458
8459
8451
8452
8453
8460
8450
8469
8467
8468
8466
8518
8519
8520
8521
8524
8523
8522
8483
8482
8481
8488
8487
8486
8484
8485
8491
8489
8490
8492
8493
8504
8495
8496
8494
8503
8501
8502
8497
8498
8499
8500
8505
8506
8507
8508
8509
8510
8512
8511
8513
8515
8516
8514
8517
8470
8477
8476
8475
8474
8473
8472
8479
8478
8471
8480
8576
8578
8577
8529
8528
8525
8526
8527
8566
8567
8559
8560
8561
8562
8563
8564
8565
8558
8557
8555
8556
8544
8553
8554
8545
8547
8546
8552
8549
8550
8551
8548
8543
8542
8541
8540
8539
8537
8538
8536
8532
8533
8534
8531
8535
8530
8575
8569
8570
8571
8572
8573
8568
8574
8579
8580
8627
8629
8628
8590
8597
8598
8596
8593
8594
8595
8592
8591
8599
8600
8601
8602
8612
8603
8604
8605
8610
8611
8608
8606
8607
8609
8613
8614
8615
8616
8617
8619
8618
8620
8621
8624
8625
8623
8626
8622
8581
8588
8587
8586
8584
8585
8583
8589
8582
8670
8668
8669
8632
8633
8630
8631
8658
8652
8653
8654
8656
8655
8657
8651
8650
8649
8648
8647
8642
8641
8644
8645
8646
8643
8640
8639
8638
8636
8637
8635
8634
8667
8659
8660
8661
8662
8663
8664
8665
8666
8672
8671
8710
8711
8679
8680
8686
8687
8688
8685
8681
8682
8683
8684
8689
8690
8691
8692
8693
8694
8700
8697
8698
8696
8695
8699
8701
8702
8704
8703
8705
8706
8707
8708
8709
8673
8678
8677
8676
8675
8674
8752
8753
8712
8713
8742
8743
8744
8738
8740
8741
8739
8737
8735
8736
8734
8723
8726
8725
8727
8728
8729
8730
8731
8732
8733
8724
8722
8721
8719
8720
8718
8717
8716
8715
8714
8750
8751
8745
8746
8747
8748
8749
8757
8754
8755
8756
8794
8795
8793
8765
8768
8769
8766
8767
8770
8771
8774
8772
8773
8781
8782
8778
8779
8780
8776
8777
8775
8783
8784
8787
8785
8786
8788
8789
8790
8791
8792
8758
8764
8763
8762
8760
8761
8759
8837
8796
8797
8798
8828
8829
8824
8823
8827
8825
8826
8821
8822
8820
8818
8819
8811
8812
8814
8815
8813
8816
8817
8809
8810
8808
8807
8806
8805
8804
8800
8801
8802
8803
8799
8836
8830
8831
8832
8834
8833
8835
8869
8868
8848
8849
8845
8846
8847
8850
8851
8852
8853
8854
8860
8858
8859
8857
8855
8856
8861
8862
8863
8864
8865
8866
8867
8838
8844
8843
8842
8840
8841
8839
8870
8895
8894
8893
8891
8892
8890
8888
8889
8887
8886
8882
8883
8884
8885
8881
8880
8879
8878
8877
8876
8871
8872
8873
8874
8875
8903
8896
8897
8898
8900
8899
8901
8902
8940
8910
8911
8912
8913
8915
8914
8916
8917
8918
8919
8920
8923
8924
8922
8921
8925
8926
8927
8928
8929
8930
8931
8932
8933
8939
8936
8937
8938
8935
8934
8904
8909
8908
8907
8906
8905
8941
8942
8943
8970
8971
8969
8968
8967
8964
8965
8966
8963
8962
8960
8961
8959
8956
8957
8958
8955
8953
8954
8952
8951
8950
8949
8944
8945
8946
8947
8948
8978
8972
8973
8974
8975
8976
8977
9017
9016
8986
8987
8991
8990
8988
8989
8992
8993
8994
8995
8996
8998
8999
8997
9000
9002
9003
9001
9004
9005
9006
9007
9014
9015
9011
9012
9013
9009
9010
9008
8979
8985
8984
8983
8982
8981
8980
9018
9019
9046
9045
9040
9041
9042
9043
9044
9039
9036
9037
9038
9035
9033
9032
9034
9030
9031
9029
9028
9027
9025
9026
9020
9022
9021
9023
9024
9053
9047
9048
9049
9050
9051
9052
9090
9063
9068
9066
9067
9065
9064
9069
9070
9071
9074
9073
9072
9075
9076
9077
9078
9079
9080
9081
9082
9083
9084
9089
9088
9086
9087
9085
9054
9062
9061
9060
9058
9059
9056
9057
9055
9116
9117
9108
9109
9110
9111
9112
9113
9114
9115
9107
9105
9106
9104
9103
9102
9101
9100
9099
9091
9092
9093
9095
9094
9096
9097
9098
9123
9118
9119
9120
9121
9122
9129
9136
9135
9134
9130
9131
9132
9133
9137
9138
9139
9140
9141
9142
9143
9144
9151
9149
9150
9148
9146
9147
9145
9124
9128
9127
9126
9125
9164
9165
9166
9167
9173
9174
9172
9168
9169
9170
9171
9163
9161
9162
9160
9159
9152
9153
9155
9156
9157
9154
9158
9179
9175
9176
9177
9178
9191
9192
9189
9190
9188
9185
9187
9186
9193
9194
9195
9204
9205
9206
9202
9203
9198
9199
9200
9197
9196
9201
9180
9184
9183
9182
9181
9223
9220
9221
9222
9224
9225
9228
9226
9227
9219
9216
9217
9218
9215
9207
9209
9208
9212
9211
9210
9213
9214
9234
9229
9230
9231
9232
9233
9246
9245
9244
9243
9240
9242
9241
9247
9249
9250
9248
9251
9256
9254
9255
9253
9252
9235
9239
9238
9237
9236
9270
9273
9271
9272
9269
9266
9267
9265
9268
9264
9257
9258
9259
9261
9262
9260
9263
9277
9274
9275
9276
9281
9282
9285
9286
9283
9284
9287
9290
9289
9291
9292
9288
9293
9298
9299
9296
9297
9295
9294
9280
9279
9278
9326
9324
9325
9318
9319
9320
9321
9322
9323
9317
9309
9310
9308
9307
9311
9312
9313
9314
9315
9316
9305
9306
9300
9302
9301
9303
9304
9327
9328
9331
9332
9336
9335
9333
9334
9337
9344
9342
9343
9341
9339
9340
9338
9345
9347
9348
9346
9330
9329
9372
9373
9371
9367
9370
9368
9369
9366
9355
9358
9359
9360
9356
9357
9361
9362
9363
9364
9365
9354
9351
9349
9350
9352
9353
9374
9375
9376
9380
9379
9381
9382
9388
9389
9390
9383
9384
9385
9386
9387
9391
9402
9399
9397
9398
9400
9401
9396
9395
9393
9394
9392
9403
9405
9407
9408
9406
9404
9378
9377
9445
9444
9443
9433
9432
9440
9441
9442
9439
9437
9438
9434
9435
9436
9430
9431
9417
9420
9421
9422
9423
9419
9418
9424
9425
9426
9427
9428
9429
9416
9413
9414
9410
9411
9412
9409
9415
9446
9447
9449
9451
9450
9452
9453
9454
9455
9456
9457
9458
9459
9475
9476
9474
9471
9472
9473
9469
9470
9468
9464
9465
9466
9467
9463
9462
9461
9460
9477
9481
9482
9480
9483
9484
9485
9486
9487
9488
9489
9478
9479
9448
9533
9532
9531
9530
9529
9528
9502
9503
9500
9501
9504
9505
9506
9507
9508
9509
9510
9511
9512
9513
9514
9515
9518
9517
9516
9519
9520
9521
9522
9523
9524
9525
9526
9527
9499
9493
9494
9495
9496
9497
9492
9491
9490
9498
9534
9536
9537
9538
9539
9540
9541
9542
9583
9584
9585
9586
9587
9588
9589
9575
9576
9577
9578
9579
9580
9581
9582
9564
9565
9566
9567
9568
9569
9570
9571
9572
9573
9574
9561
9562
9563
9559
9560
9552
9553
9554
9555
9556
9557
9558
9551
9550
9549
9546
9547
9548
9544
9545
9543
9590
9595
9596
9593
9594
9592
9597
9591
9535
9674
9675
9673
9672
9670
9671
9669
9616
9617
9618
9619
9620
9621
9615
9614
9613
9630
9631
9629
9626
9627
9628
9625
9624
9622
9623
9653
9652
9651
9648
9649
9650
9640
9641
9642
9643
9644
9645
9646
9647
9638
9639
9635
9636
9637
9634
9632
9633
9654
9655
9661
9662
9659
9660
9658
9657
9656
9663
9664
9666
9665
9667
9668
9612
9600
9599
9602
9601
9603
9604
9605
9606
9607
9608
9609
9610
9598
9611
9677
9676
9678
9680
9681
9679
9682
9740
9741
9742
9743
9734
9735
9736
9737
9738
9739
9744
9745
9746
9727
9730
9731
9728
9729
9732
9733
9704
9705
9706
9707
9708
9709
9714
9711
9712
9713
9710
9716
9717
9715
9724
9725
9722
9723
9718
9719
9720
9721
9726
9703
9702
9696
9697
9698
9699
9700
9701
9695
9694
9689
9690
9691
9692
9693
9684
9685
9686
9687
9688
9683
9747
9763
9764
9759
9760
9761
9762
9755
9756
9757
9758
9754
9753
9751
9752
9750
9749
9765
9748
9854
9855
9853
9851
9852
9850
9780
9779
9778
9785
9786
9784
9783
9782
9781
9777
9793
9788
9789
9790
9792
9791
9787
9821
9820
9819
9817
9818
9816
9812
9813
9814
9815
9808
9810
9809
9811
9806
9807
9805
9798
9799
9800
9801
9796
9797
9802
9804
9803
9794
9795
9822
9823
9829
9830
9828
9827
9826
9825
9824
9831
9838
9837
9834
9835
9836
9832
9833
9839
9840
9841
9842
9843
9844
9845
9846
9847
9848
9849
9767
9769
9770
9768
9773
9774
9775
9772
9771
9776
9766
9857
9856
9858
9859
9860
9861
9862
9922
9923
9924
9925
9926
9927
9916
9915
9917
9918
9919
9920
9921
9908
9913
9912
9909
9910
9911
9914
9886
9887
9888
9889
9892
9893
9894
9895
9896
9897
9898
9891
9890
9899
9900
9901
9905
9904
9903
9907
9906
9902
9885
9884
9878
9879
9880
9881
9877
9882
9883
9875
9876
9871
9872
9873
9874
9868
9869
9870
9867
9865
9866
9864
9863
9936
9934
9935
9931
9929
9930
9932
9933
9928
9937
9938
10008
10009
10010
10007
10006
10003
10004
10005
10002
9951
9952
9950
9948
9949
9956
9957
9958
9955
9954
9953
9965
9966
9959
9960
9961
9962
9963
9964
9979
9980
9977
9978
9976
9974
9975
9973
9972
9971
9967
9968
9969
9970
9981
9982
9987
9986
9985
9984
9988
9983
9993
9992
9990
9991
9989
9995
9996
9994
9997
9998
9999
10000
10001
9941
9942
9946
9947
9944
9945
9943
9940
9939
10011
10012
10013
10014
10015
10023
10024
10021
10022
10016
10017
10018
10019
10020
10075
10074
10076
10077
10066
10067
10068
10069
10070
10071
10072
10073
10052
10051
10065
10061
10062
10063
10064
10059
10060
10053
10054
10055
10056
10057
10058
10042
10041
10043
10044
10045
10046
10047
10048
10050
10049
10040
10038
10039
10036
10037
10035
10032
10033
10034
10030
10031
10028
10029
10027
10026
10025
10092
10086
10087
10088
10089
10090
10091
10080
10078
10079
10082
10083
10084
10085
10081
10093
10094
10164
10163
10153
10154
10155
10156
10157
10158
10161
10162
10160
10159
10111
10118
10117
10116
10115
10114
10113
10112
10119
10122
10120
10121
10125
10123
10124
10128
10127
10126
10135
10136
10132
10133
10134
10131
10130
10129
10137
10138
10140
10139
10141
10142
10143
10144
10145
10146
10147
10149
10148
10150
10151
10152
10097
10102
10099
10100
10101
10098
10109
10110
10108
10107
10105
10106
10103
10104
10096
10095
10165
10166
10173
10172
10171
10168
10169
10167
10170
10210
10211
10212
10213
10208
10209
10206
10207
10200
10201
10202
10203
10204
10205
10195
10194
10197
10196
10198
10199
10193
10191
10192
10188
10189
10190
10187
10184
10185
10186
10183
10182
10177
10178
10179
10180
10181
10176
10175
10174
10229
10223
10227
10224
10225
10226
10228
10215
10216
10217
10214
10218
10219
10221
10220
10222
10230
10288
10281
10286
10285
10287
10282
10283
10284
10249
10247
10248
10244
10245
10246
10243
10250
10253
10251
10252
10258
10257
10256
10255
10254
10262
10263
10260
10261
10259
10264
10267
10265
10266
10269
10268
10270
10271
10272
10273
10275
10276
10274
10277
10278
10279
10280
10236
10233
10234
10235
10232
10242
10241
10240
10239
10238
10237
10231
10289
10298
10290
10291
10292
10293
10294
10295
10297
10296
10333
10334
10332
10335
10336
10337
10331
10329
10330
10321
10322
10323
10324
10325
10326
10327
10328
10319
10318
10320
10312
10315
10316
10317
10313
10314
10311
10307
10308
10309
10310
10306
10305
10304
10303
10301
10302
10300
10299
10349
10350
10352
10353
10351
10338
10339
10340
10341
10342
10343
10344
10345
10346
10347
10348
10417
10414
10416
10415
10379
10380
10381
10378
10377
10376
10375
10382
10384
10383
10392
10393
10394
10391
10389
10390
10388
10386
10387
10385
10396
10397
10395
10402
10403
10398
10399
10400
10401
10404
10408
10406
10407
10405
10409
10411
10410
10412
10413
10357
10354
10355
10356
10372
10373
10374
10366
10367
10368
10369
10370
10371
10363
10364
10365
10362
10361
10360
10358
10359
10418
10419
10420
10458
10457
10456
10459
10460
10461
10452
10453
10454
10455
10445
10443
10444
10446
10447
10448
10450
10451
10449
10440
10439
10441
10442
10434
10437
10438
10436
10435
10433
10427
10428
10429
10430
10431
10432
10426
10424
10425
10422
10423
10421
10476
10481
10482
10477
10478
10479
10480
10464
10465
10463
10462
10471
10468
10469
10470
10466
10467
10473
10474
10472
10475
10534
10533
10532
10499
10500
10501
10498
10497
10496
10504
10503
10502
10511
10510
10508
10509
10505
10506
10507
10514
10515
10513
10512
10520
10517
10516
10518
10519
10521
10526
10525
10524
10523
10522
10527
10528
10529
10530
10531
10486
10483
10485
10484
10494
10493
10495
10492
10491
10489
10490
10488
10487
10535
10536
10537
10577
10575
10576
10573
10574
10578
10569
10570
10571
10572
10564
10565
10566
10568
10567
10562
10563
10558
10561
10559
10560
10557
10548
10549
10550
10551
10552
10553
10554
10555
10556
10547
10546
10541
10542
10543
10544
10545
10539
10540
10538
10590
10589
10581
10582
10579
10580
10583
10584
10585
10586
10587
10588
10658
10659
10660
10657
10649
10650
10651
10652
10653
10654
10655
10656
10605
10607
10606
10608
10609
10604
10611
10612
10610
10618
10617
10616
10613
10614
10615
10620
10619
10622
10621
10623
10637
10635
10636
10632
10633
10634
10631
10630
10628
10629
10624
10625
10626
10627
10638
10639
10646
10645
10643
10644
10641
10642
10640
10647
10648
10591
10601
10602
10600
10603
10598
10599
10594
10595
10596
10597
10592
10593
10662
10661
10667
10666
10665
10664
10663
10715
10712
10713
10714
10710
10711
10709
10716
10707
10708
10702
10703
10704
10706
10705
10698
10699
10700
10701
10696
10697
10686
10687
10690
10691
10692
10693
10689
10688
10694
10695
10685
10684
10671
10672
10673
10674
10675
10676
10677
10678
10679
10680
10681
10682
10683
10669
10670
10668
10726
10717
10718
10721
10719
10720
10722
10725
10723
10724
10779
10780
10781
10782
10738
10740
10739
10742
10743
10741
10744
10745
10747
10746
10748
10749
10754
10751
10752
10753
10750
10755
10756
10769
10770
10771
10772
10773
10774
10775
10768
10766
10767
10765
10763
10764
10759
10760
10761
10762
10757
10758
10777
10776
10778
10727
10734
10735
10737
10736
10733
10728
10731
10732
10729
10730
10783
10831
10832
10828
10829
10830
10825
10826
10827
10824
10823
10820
10821
10822
10819
10818
10810
10811
10815
10816
10817
10813
10814
10812
10809
10808
10794
10795
10796
10793
10792
10788
10789
10790
10791
10787
10797
10801
10798
10799
10800
10803
10802
10806
10804
10805
10807
10785
10786
10784
10833
10834
10835
10839
10840
10837
10836
10838
10889
10848
10847
10846
10850
10849
10851
10853
10852
10854
10855
10856
10859
10860
10861
10862
10858
10857
10863
10864
10865
10866
10867
10877
10878
10879
10880
10885
10884
10882
10883
10881
10886
10876
10875
10874
10872
10873
10871
10869
10870
10868
10887
10888
10845
10842
10841
10844
10843
10929
10928
10926
10927
10925
10923
10924
10922
10921
10920
10918
10919
10917
10915
10916
10914
10898
10897
10895
10896
10892
10893
10894
10891
10899
10900
10901
10902
10903
10905
10906
10904
10907
10908
10909
10910
10911
10912
10913
10890
10930
10932
10933
10934
10931
10937
10938
10940
10939
10941
10944
10942
10943
10945
10946
10947
10948
10949
10950
10951
10975
10976
10978
10977
10979
10974
10973
10971
10972
10970
10968
10969
10966
10967
10956
10957
10958
10959
10960
10961
10962
10963
10964
10965
10955
10953
10954
10952
10980
10936
10935
11033
11034
11031
11032
11030
11027
11028
11029
11026
11025
11023
11024
11022
10990
10985
10986
10987
10988
10989
10983
10984
10982
10991
10992
10993
10995
10994
10996
11016
11017
11009
11010
11011
11012
11013
11014
11015
11006
11007
11008
11004
11005
10998
10999
11000
11001
11002
11003
10997
11018
11020
11019
11021
10981
11035
11038
11037
11040
11039
11041
11042
11043
11044
11045
11081
11082
11083
11080
11079
11084
11078
11077
11076
11072
11073
11074
11075
11052
11051
11054
11055
11056
11057
11053
11061
11062
11063
11064
11065
11059
11060
11058
11067
11066
11070
11071
11069
11068
11050
11047
11048
11049
11046
11036
11124
11125
11126
11127
11123
11121
11122
11119
11120
11118
11087
11088
11086
11089
11090
11085
11091
11092
11094
11093
11111
11108
11109
11110
11106
11107
11105
11102
11101
11099
11100
11103
11104
11098
11095
11096
11097
11112
11113
11116
11115
11114
11117
11128
11131
11132
11137
11133
11134
11135
11136
11139
11138
11140
11174
11173
11175
11171
11172
11176
11170
11169
11166
11167
11168
11150
11154
11151
11152
11153
11156
11157
11155
11158
11159
11160
11161
11162
11163
11165
11164
11148
11149
11145
11146
11147
11141
11142
11143
11144
11129
11130
11230
11222
11223
11229
11224
11225
11226
11227
11228
11220
11221
11179
11180
11178
11181
11177
11182
11183
11187
11185
11186
11184
11210
11209
11206
11207
11208
11205
11203
11204
11201
11202
11200
11195
11196
11197
11198
11199
11194
11190
11191
11192
11193
11188
11189
11212
11213
11211
11217
11215
11216
11214
11219
11218
11231
11240
11241
11238
11239
11236
11237
11235
11234
11233
11277
11276
11278
11279
11280
11275
11274
11270
11272
11271
11273
11249
11250
11252
11251
11253
11254
11255
11256
11259
11260
11261
11258
11257
11262
11265
11266
11267
11264
11263
11269
11268
11248
11247
11243
11245
11244
11246
11242
11232
11327
11326
11330
11328
11329
11331
11332
11333
11334
11335
11336
11285
11286
11283
11284
11282
11281
11287
11288
11289
11295
11296
11292
11293
11294
11290
11291
11312
11313
11314
11311
11309
11310
11308
11305
11306
11307
11303
11302
11304
11301
11299
11300
11297
11298
11315
11316
11317
11318
11319
11322
11321
11320
11323
11324
11325
11337
11345
11346
11347
11348
11349
11350
11351
11352
11353
11354
11342
11344
11343
11341
11340
11339
11338
11401
11402
11399
11400
11404
11403
11405
11398
11397
11396
11389
11390
11391
11395
11393
11394
11392
11371
11372
11370
11369
11373
11374
11375
11377
11376
11378
11379
11380
11381
11382
11383
11384
11385
11387
11388
11386
11367
11368
11366
11365
11362
11363
11364
11361
11360
11355
11356
11357
11358
11359
11454
11453
11452
11450
11451
11449
11448
11455
11456
11457
11458
11459
11408
11409
11411
11410
11407
11406
11412
11413
11424
11423
11422
11414
11418
11419
11415
11416
11417
11420
11421
11432
11433
11431
11430
11429
11427
11428
11426
11425
11434
11435
11436
11437
11440
11441
11439
11438
11442
11447
11444
11445
11446
11443
11463
11464
11465
11466
11467
11468
11462
11460
11461
11505
11504
11502
11503
11506
11501
11494
11495
11498
11497
11500
11499
11496
11484
11483
11485
11486
11488
11489
11490
11491
11492
11487
11493
11482
11478
11479
11480
11481
11477
11474
11475
11476
11469
11472
11473
11471
11470
11550
11551
11552
11553
11554
11549
11548
11547
11546
11555
11557
11558
11559
11560
11556
11508
11509
11510
11507
11511
11522
11520
11521
11515
11516
11517
11518
11512
11513
11514
11519
11534
11535
11532
11533
11528
11529
11530
11531
11527
11526
11525
11523
11524
11536
11540
11539
11537
11538
11541
11545
11542
11543
11544
11572
11573
11570
11571
11569
11568
11574
11575
11576
11577
11578
11579
11580
11567
11565
11563
11564
11561
11562
11566
11619
11618
11620
11621
11617
11610
11609
11614
11613
11612
11616
11615
11611
11593
11594
11595
11596
11597
11598
11599
11600
11601
11602
11603
11604
11605
11606
11607
11608
11589
11592
11590
11591
11587
11588
11581
11585
11586
11583
11584
11582
11671
11667
11668
11669
11670
11672
11673
11663
11664
11665
11666
11675
11676
11677
11678
11679
11680
11682
11683
11681
11674
11623
11624
11622
11625
11629
11630
11631
11627
11626
11628
11652
11651
11649
11650
11646
11647
11648
11645
11644
11641
11642
11643
11640
11638
11639
11634
11635
11636
11637
11632
11633
11654
11653
11655
11657
11658
11659
11660
11656
11661
11662
11691
11690
11689
11695
11696
11694
11693
11692
11687
11686
11685
11684
11688
11727
11726
11728
11725
11723
11724
11704
11705
11706
11707
11708
11709
11710
11711
11712
11713
11714
11715
11716
11717
11718
11720
11719
11721
11722
11700
11701
11702
11703
11699
11698
11697
11773
11774
11768
11769
11770
11771
11772
11775
11776
11777
11778
11730
11729
11731
11732
11761
11760
11759
11758
11756
11757
11754
11755
11753
11746
11747
11748
11749
11750
11751
11752
11741
11742
11743
11744
11745
11739
11740
11738
11734
11735
11736
11737
11733
11764
11762
11763
11765
11766
11767
11783
11781
11782
11785
11784
11780
11779
11836
11837
11835
11834
11787
11788
11789
11792
11793
11794
11795
11790
11791
11796
11797
11803
11804
11805
11806
11807
11808
11809
11810
11811
11812
11813
11814
11815
11816
11817
11818
11819
11820
11821
11802
11801
11800
11798
11799
11825
11826
11827
11828
11829
11830
11824
11823
11822
11831
11833
11832
11786
11899
11901
11900
11898
11902
11903
11839
11838
11840
11896
11895
11893
11890
11891
11892
11894
11889
11884
11885
11877
11878
11879
11880
11881
11882
11883
11862
11863
11864
11865
11866
11867
11868
11869
11870
11871
11872
11873
11874
11875
11876
11861
11860
11859
11857
11858
11856
11855
11854
11886
11888
11887
11850
11851
11852
11849
11848
11845
11846
11847
11853
11844
11841
11842
11843
11897
11909
11910
11905
11906
11907
11908
11904
11960
11961
11962
11963
11959
11912
11913
11914
11917
11919
11920
11921
11918
11915
11916
11925
11923
11924
11933
11934
11935
11936
11937
11938
11939
11928
11929
11930
11931
11932
11927
11926
11948
11949
11947
11946
11945
11944
11943
11942
11940
11941
11950
11951
11952
11953
11922
11955
11956
11957
11954
11958
11911
12003
12002
12007
12006
12005
12004
12008
12009
12010
11966
11964
11965
11967
11999
12000
11998
11997
11996
11994
11995
11993
11992
11990
11980
11981
11982
11983
11984
11985
11986
11987
11988
11989
11979
11978
11991
11974
11975
11976
11977
11973
11969
11970
11971
11972
11968
12001
12016
12017
12013
12014
12015
12012
12011
12051
12052
12019
12020
12021
12022
12025
12023
12024
12026
12027
12038
12039
12040
12041
12042
12043
12037
12034
12035
12036
12033
12029
12030
12031
12032
12044
12028
12046
12045
12047
12049
12048
12050
12018
12084
12081
12082
12083
12086
12087
12085
12088
12089
12090
12091
12054
12053
12079
12078
12077
12075
12076
12074
12063
12061
12062
12064
12065
12069
12067
12068
12066
12070
12071
12072
12059
12060
12073
12058
12057
12055
12056
12080
12099
12101
12100
12097
12098
12096
12094
12095
12093
12092
12128
12129
12130
12103
12104
12105
12106
12107
12108
12118
12119
12121
12120
12117
12113
12115
12116
12114
12112
12110
12111
12122
12109
12123
12124
12125
12127
12126
12102
12152
12153
12154
12155
12156
12157
12158
12159
12133
12131
12132
12151
12150
12149
12148
12147
12146
12141
12139
12140
12138
12142
12143
12144
12137
12145
12136
12135
12134
12166
12167
12165
12164
12163
12162
12160
12161
12185
12186
12187
12189
12188
12168
12169
12170
12171
12172
12173
12179
12180
12181
12182
12178
12175
12176
12177
12174
12183
12184
12212
12211
12213
12214
12216
12217
12218
12215
12194
12193
12192
12190
12191
12210
12209
12208
12206
12207
12204
12205
12197
12198
12196
12199
12200
12202
12201
12203
12195
12226
12227
12225
12224
12221
12220
12219
12222
12223
12239
12240
12241
12242
12245
12246
12247
12243
12244
12228
12229
12230
12235
12236
12237
12232
12233
12234
12231
12238
12273
12274
12272
12275
12276
12277
12278
12280
12281
12282
12279
12252
12251
12250
12248
12249
12269
12270
12271
12267
12268
12266
12255
12256
12258
12259
12260
12261
12262
12257
12263
12264
12265
12253
12254
12295
12296
12293
12294
12292
12290
12291
12289
12286
12287
12285
12283
12284
12288
12309
12310
12297
12299
12298
12300
12305
12304
12303
12302
12301
12307
12308
12306
12324
12322
12323
12326
12325
12327
12330
12331
12332
12328
12329
12333
12335
12336
12338
12337
12334
12312
12311
12319
12320
12321
12317
12318
12314
12315
12316
12313
12355
12356
12357
12359
12358
12354
12353
12345
12346
12347
12348
12349
12344
12350
12351
12352
12343
12342
12341
12339
12340
12366
12361
12360
12362
12364
12363
12365
12382
12381
12378
12379
12380
12374
12375
12376
12377
12383
12384
12392
12391
12390
12393
12388
12389
12387
12385
12386
12394
12395
12398
12396
12397
12367
12372
12373
12371
12370
12368
12369
12410
12412
12411
12413
12409
12403
12404
12402
12405
12406
12408
12407
12399
12400
12401
12420
12415
12414
12416
12417
12418
12419
12426
12425
12427
12428
12436
12437
12438
12434
12435
12433
12429
12430
12431
12432
12440
12441
12442
12439
12421
12424
12423
12422
12459
12458
12451
12450
12447
12448
12449
12452
12453
12454
12457
12455
12456
12444
12445
12443
12446
12460
12461
12462
12468
12477
12478
12481
12482
12480
12479
12476
12475
12469
12471
12472
12473
12474
12470
12484
12483
12466
12467
12465
12463
12464
12500
12492
12491
12488
12489
12490
12493
12494
12499
12498
12496
12497
12495
12485
12486
12487
12501
12502
12503
12504
12519
12520
12522
12523
12524
12521
12518
12516
12517
12510
12511
12512
12514
12513
12515
12527
12528
12526
12525
12509
12508
12507
12505
12506
12532
12531
12533
12534
12537
12538
12536
12535
12529
12530
12539
12540
12541
12549
12550
12551
12548
12547
12544
12545
12546
12552
12543
12542
12555
12556
12554
12557
12558
12563
12559
12560
12561
12562
12553
12564
12565
12578
12577
12576
12568
12574
12575
12569
12570
12571
12572
12573
12579
12567
12566
12581
12582
12583
12584
12585
12591
12588
12589
12590
12587
12586
12580
12592
12593
12604
12605
12603
12602
12601
12600
12597
12599
12598
12606
12595
12596
12594
12608
12609
12607
12610
12611
12612
12613
12614
12617
12615
12616
12618
12619
12633
12634
12631
12632
12630
12628
12629
12622
12623
12627
12624
12625
12626
12621
12620
12639
12635
12636
12637
12638
12640
12641
12649
12648
12647
12642
12643
12644
12645
12646
12650
12651
12652
12664
12666
12665
12663
12657
12658
12662
12661
12660
12659
12656
12654
12655
12653
12667
12675
12668
12669
12670
12671
12672
12673
12674
12676
12677
12678
12682
12683
12681
12680
12679
12684
12685
12686
12687
12688
12689
12690
12691
12698
12696
12697
12695
12694
12693
12692
12700
12699
12701
12702
12703
12704
12709
12708
12707
12706
12705
12710
12711
12712
12713
12714
12715
12721
12722
12720
12719
12717
12718
12716
12723
12724
12725
12727
12728
12726
12729
12735
12736
12734
12733
12731
12732
12730
12737
12738
12740
12739
12741
12742
12747
12746
12744
12745
12743
12748
12749
12750
12752
12751
12753
12760
12759
12755
12756
12757
12758
12754
12761
12762
12763
12764
12765
12769
12768
12767
12766
12779
12778
12777
12775
12776
12770
12771
12772
12773
12774
12780
12781
12785
12783
12784
12782
12792
12791
12789
12790
12786
12787
12788
12793
12794
12795
12798
12799
12797
12796
12806
12805
12802
12803
12804
12800
12801
12807
12808
12809
12810
12813
12814
12812
12811
12815
12816
12817
12820
12819
12818
12821
12822
12823
12825
12824
12826
12827
12831
12828
12829
12830
12832
12833
12834
12835
12837
12836
