#ORIGINAL_SOURCE MULTISPLIT
#CREATURE 
#REGION 
#FIELD/LAYER 
#TYPE 
#CONTRIBUTOR 
#REFERENCE 
#RAW 
#EXTRAS 
#SOMA_AREA
#SHINKAGE_CORRECTION 1.000000 1.000000 1.000000
#VERSION_NUMBER
#VERSION_DATE 2012-04-21
#SCALE 1.0 1.0 1.0

1 513.564453 303.279999 29.274921 1.426000 -1
2 513.422119 302.416595 27.941574 1.426000 1
3 512.964966 301.333160 28.516886 1.240000 1
4 512.542480 300.756592 28.658442 1.240000 3
5 512.021240 300.158295 28.729221 1.240000 4
6 511.285065 299.372406 28.774879 1.240000 5
7 510.772522 298.846191 28.787439 1.240000 6
8 510.171021 298.237427 28.794109 1.240000 7
9 509.559692 297.622681 28.797237 1.240000 8
10 509.988647 296.530701 29.680998 2.170000 9
11 508.849335 296.910492 28.798929 1.240000 9
12 508.314667 296.375244 28.799465 1.240000 11
13 507.737335 295.797607 28.799732 1.240000 12
14 507.057465 294.765533 28.799885 1.240000 13
15 506.323700 293.858856 27.871046 1.240000 14
16 506.063293 293.137115 28.470293 1.612000 15
17 505.681641 292.628540 28.635147 1.240000 16
18 505.035492 291.900543 28.741489 1.240000 17
19 504.806183 291.242218 28.779234 1.240000 18
20 504.433075 290.751099 28.789616 1.240000 19
21 504.246552 290.195557 28.794809 1.240000 20
22 504.132263 289.475464 28.797989 1.240000 21
23 504.088013 288.816681 28.799221 1.240000 22
24 504.070862 288.181671 28.799698 1.240000 23
25 503.608154 287.432312 28.799919 1.240000 24
26 503.502777 286.873108 28.799971 1.240000 25
27 502.977356 285.662567 28.799994 1.240000 26
28 502.475891 285.028748 28.799997 1.240000 27
29 502.647949 284.544373 29.519999 1.984000 28
30 502.080719 283.628510 29.137589 1.240000 29
31 501.432831 282.802673 28.942423 1.798000 30
32 501.531464 282.814270 31.742208 1.240000 31
33 501.180237 282.149506 28.097084 1.240000 31
34 501.865723 283.127136 33.151104 1.240000 32
35 500.653687 281.015533 28.537586 1.240000 33
36 502.032867 283.593567 33.855553 1.240000 34
37 500.470306 280.258209 27.007471 1.240000 35
38 500.451324 280.179810 28.706863 1.240000 35
39 500.715149 279.989105 25.743734 1.240000 37
40 499.967468 279.897522 26.278654 1.240000 37
41 499.979553 279.483246 28.766943 1.240000 38
42 500.184235 278.913574 29.603373 2.356000 41
43 499.849396 277.706482 29.023930 2.356000 42
44 499.765930 277.005615 28.879478 2.356000 43
45 500.109985 276.402924 30.557947 2.356000 44
46 499.880310 275.435303 28.674490 1.240000 45
47 499.357361 274.151672 28.758606 1.240000 46
48 500.240082 274.421539 25.391655 1.240000 46
49 499.184875 273.312805 31.681583 1.426000 47
50 498.769348 273.312805 28.786346 1.240000 47
51 500.290039 273.970764 24.935827 1.240000 48
52 499.142426 272.796417 32.400791 1.240000 49
53 498.212341 272.680176 28.794710 1.240000 50
54 498.756073 271.675476 30.562086 2.170000 53
55 498.025208 271.809021 28.797520 1.240000 53
56 497.632599 271.114502 28.798759 1.240000 55
57 496.961792 270.243683 29.753529 1.240000 56
58 496.732727 269.115295 30.079557 1.240000 57
59 496.214600 268.284241 31.211241 1.240000 58
60 496.099976 267.769135 32.230911 1.426000 59
61 495.648773 266.710602 31.885668 1.426000 60
62 495.204376 266.085297 31.782833 1.240000 61
63 494.589050 265.365356 30.890898 1.240000 62
64 493.982025 264.714996 31.338964 1.240000 63
65 493.672363 263.552216 31.567524 1.240000 64
66 493.286194 262.956116 31.623762 1.240000 65
67 493.037079 262.171631 31.660040 1.240000 66
68 492.669861 262.970734 32.540279 1.240000 66
69 492.573334 261.527466 32.554337 1.240000 67
70 492.018433 262.976715 33.843155 1.240000 68
71 491.961212 260.838867 32.933437 1.240000 69
72 491.430176 259.928711 33.040981 1.240000 71
73 491.549042 259.262177 34.571404 1.240000 72
74 490.884094 258.165436 35.412788 1.240000 73
75 490.587402 256.883423 33.947071 1.240000 74
76 490.492340 256.120605 35.930424 1.984000 75
77 489.465240 254.695694 32.603813 1.240000 76
78 490.441193 254.833237 36.997856 2.356000 76
79 488.910736 254.833099 31.155867 1.426000 77
80 490.740601 254.256622 37.938927 2.170000 78
81 490.553192 253.194717 36.805523 2.170000 80
82 490.469727 251.944672 37.203136 1.798000 81
83 490.444855 251.262329 38.041569 2.356000 82
84 490.060181 250.115616 37.682720 2.170000 83
85 489.551331 249.308792 38.374886 1.240000 84
86 489.338318 248.615387 39.490681 1.426000 85
87 488.941895 247.721313 39.179642 1.240000 86
88 488.385986 246.899414 39.013386 1.612000 87
89 488.486084 246.876740 42.250130 1.240000 88
90 487.531952 245.542969 41.219044 1.240000 89
91 486.731110 244.559540 41.517418 1.240000 90
92 486.317505 243.657806 42.586239 1.426000 91
93 486.187195 242.693375 42.132919 2.356000 92
94 486.946381 241.746140 42.848068 2.356000 93
95 485.774292 241.890839 41.921169 1.426000 93
96 487.133209 241.203064 43.024036 1.240000 94
97 485.180786 241.108978 44.562973 1.798000 95
98 484.644653 240.512466 46.213036 1.240000 97
99 484.040283 239.521759 43.636833 1.240000 98
100 483.166168 236.882156 43.276695 1.240000 99
101 481.545898 241.023575 43.263710 1.984000 99
102 482.713318 235.869827 44.042507 1.240000 100
103 480.661102 241.489059 43.229870 2.356000 101
104 483.568848 235.069305 45.199432 2.356000 102
105 479.757294 242.154099 44.139515 1.240000 103
106 482.603241 234.092911 45.664356 3.100000 104
107 479.036560 242.790085 44.462364 1.240000 105
108 481.619751 232.280777 44.985126 1.240000 106
109 484.613892 233.042160 43.929882 1.612000 106
110 478.355255 243.024597 45.546494 2.356000 107
111 481.355438 231.465866 47.849049 2.170000 108
112 485.498779 232.026871 45.227608 2.356000 109
113 477.354614 243.491745 44.055935 1.426000 110
114 478.097260 241.204987 45.957039 1.240000 110
115 480.785126 229.741882 46.669628 2.914000 111
116 486.550842 229.813751 47.235359 1.240000 112
117 486.946320 233.960785 45.905109 1.240000 112
118 476.676300 244.348160 43.569920 1.240000 113
119 480.259644 228.881546 46.327309 1.612000 115
120 487.066315 228.772446 46.461044 1.240000 116
121 486.783539 235.110138 46.020683 1.240000 117
122 475.990082 245.116226 44.216145 1.240000 118
123 480.397522 228.169342 47.837524 1.240000 119
124 487.651855 228.013489 46.205673 1.984000 120
125 487.129608 235.890594 46.058949 1.240000 121
126 475.417694 245.717331 45.983364 2.542000 122
127 479.720367 227.116074 47.648506 1.240000 123
128 487.815460 227.449371 46.134312 1.240000 124
129 487.224792 236.415298 46.069473 1.240000 125
130 473.649658 245.179398 47.135689 1.240000 126
131 473.452362 246.153015 44.863567 2.170000 126
132 480.159790 226.013565 49.199341 2.914000 127
133 481.382599 226.016434 48.727913 3.100000 127
134 487.877747 226.924683 46.107159 1.240000 128
135 487.662903 237.116486 46.075920 1.240000 129
136 473.224365 244.155640 49.490112 1.612000 130
137 472.799316 246.609070 43.790436 1.612000 131
138 479.311371 225.190948 50.673485 2.356000 132
139 487.908875 226.352341 46.093578 1.240000 134
140 488.139374 237.681351 46.842911 1.798000 135
141 472.081024 247.247864 44.413555 1.240000 137
142 477.598022 225.169998 50.488377 1.798000 138
143 478.244354 224.481445 48.913055 1.240000 138
144 487.924438 225.756165 46.806789 1.798000 139
145 488.033478 238.604797 46.437710 1.798000 140
146 471.434845 247.872864 44.579643 1.240000 141
147 476.234650 226.395554 51.383778 1.240000 142
148 476.986633 226.552658 53.651012 1.240000 142
149 477.741455 223.039200 50.656391 3.658000 143
150 487.933960 225.011215 48.125732 1.240000 144
151 488.296753 239.322403 46.258854 1.612000 145
152 470.891815 248.410995 43.703255 1.984000 146
153 475.207123 226.727219 50.861267 1.240000 147
154 477.244171 222.212082 52.758114 2.914000 149
155 488.662354 224.373337 48.613403 1.240000 150
156 489.304230 240.218857 47.104065 1.612000 151
157 488.495117 240.330338 48.294270 1.240000 151
158 469.255280 249.578232 43.324032 1.798000 152
159 474.213593 227.321060 50.561172 1.612000 153
160 476.314056 221.452301 51.471085 2.170000 154
161 489.937775 240.821396 47.340240 1.240000 156
162 468.331757 250.099365 43.259510 1.240000 158
163 474.280090 228.520706 52.653370 1.240000 159
164 473.802979 227.089386 53.761482 2.356000 159
165 473.515076 227.889618 52.207485 2.914000 159
166 475.526917 220.395142 54.118591 3.286000 160
167 490.211578 241.785889 47.442310 1.240000 161
168 467.163635 249.988754 46.641064 1.240000 162
169 467.396851 250.798523 43.221706 2.356000 162
170 474.290039 229.010345 52.966686 1.240000 163
171 472.841339 228.898804 51.074772 1.426000 165
172 474.808594 219.554901 56.156857 3.286000 166
173 490.681976 241.850677 49.121742 1.240000 167
174 490.315796 242.462952 48.201157 1.240000 167
175 466.439575 253.182922 42.012154 1.426000 169
176 465.609375 252.022675 42.131618 2.356000 169
177 474.712250 229.754028 53.176666 1.240000 170
178 472.330658 229.509399 51.457386 1.240000 171
179 474.225800 218.607376 57.645687 3.100000 172
180 473.824310 217.954636 53.647865 1.798000 172
181 490.677887 243.111465 47.860577 1.240000 174
182 466.289185 254.024689 43.992336 1.426000 175
183 464.682983 252.804337 41.851589 1.984000 176
184 475.861328 230.044495 54.401611 1.240000 177
185 471.601288 230.303238 50.775291 1.612000 178
186 473.564758 219.862030 60.069397 2.170000 179
187 490.911469 243.929764 46.711967 1.240000 181
188 466.256226 254.624725 45.391476 1.798000 182
189 464.497406 253.720505 41.795486 1.612000 183
190 476.510925 230.536285 55.644981 1.240000 184
191 470.879120 231.050476 50.509918 1.984000 185
192 490.975739 244.464890 46.395985 1.240000 187
193 466.245361 255.653656 45.852921 1.240000 188
194 464.418732 254.524399 41.771706 1.798000 189
195 477.648071 230.222595 57.118160 1.240000 190
196 471.039551 231.515244 49.734959 1.612000 191
197 491.849854 245.239029 46.184212 2.728000 192
198 465.862305 256.343597 45.992016 1.240000 193
199 464.399353 255.032196 41.765854 1.798000 194
200 477.897339 230.153839 58.406166 1.240000 195
201 470.395569 232.532166 49.272678 1.240000 196
202 492.195343 247.038910 46.100513 1.240000 197
203 490.871704 246.347931 46.112923 2.356000 197
204 493.321472 246.121017 46.092388 1.798000 197
205 465.705994 257.025055 45.119862 1.426000 198
206 463.970856 255.788040 41.761929 1.612000 199
207 478.810577 230.131165 58.830956 1.612000 200
208 469.806549 233.261963 49.098202 1.798000 201
209 490.263153 246.990738 46.094227 2.356000 203
210 493.822845 246.573685 45.202732 1.240000 204
211 466.033112 257.634521 46.590061 1.240000 205
212 463.361450 256.515594 40.704334 1.798000 206
213 469.502106 234.448288 50.887310 1.612000 208
214 489.914154 248.293808 44.998413 1.426000 209
215 494.396912 247.128845 44.858032 1.984000 210
216 466.633026 258.364014 48.309502 2.356000 211
217 463.213043 257.523834 40.446754 1.984000 212
218 464.128967 257.182037 42.584911 1.612000 212
219 464.128967 256.714844 39.329632 1.240000 212
220 468.754639 235.446121 49.092152 2.356000 213
221 489.464447 248.934647 45.660934 1.240000 214
222 495.055756 247.779709 44.711906 2.356000 215
223 465.898041 259.463898 48.781452 1.240000 216
224 463.176514 258.081909 40.383381 1.798000 217
225 468.023438 236.303070 47.364262 1.612000 220
226 490.007019 249.516861 44.263569 1.240000 221
227 489.012238 249.447327 45.870468 1.240000 221
228 495.239868 248.665665 44.671078 1.240000 222
229 465.373108 260.069550 48.885822 1.240000 223
230 463.533936 258.803558 40.344555 1.240000 224
231 467.362823 237.016785 47.452694 1.240000 225
232 488.355438 250.141144 45.998817 1.240000 227
233 495.309937 249.312836 44.655540 1.240000 228
234 464.876556 260.594788 50.362911 1.240000 229
235 463.646973 259.341766 40.332275 1.240000 230
236 466.437164 237.634598 47.488441 1.240000 231
237 494.988464 250.053558 45.488209 1.240000 233
238 463.923767 260.882935 49.593197 1.240000 234
239 464.138245 260.118011 40.324051 1.240000 235
240 465.487427 238.404755 46.557678 1.798000 236
241 495.228302 250.755814 44.968639 1.240000 237
242 462.931152 260.612152 51.181927 1.240000 238
243 464.715790 260.789551 40.321335 1.240000 239
244 464.228516 238.240952 46.209553 2.356000 240
245 466.140717 239.286057 48.643051 1.240000 240
246 495.614136 251.287903 44.084320 1.240000 241
247 464.906250 261.426544 40.320442 1.240000 243
248 463.884888 239.560486 46.114532 1.612000 244
249 495.187073 252.173950 43.642162 1.240000 246
250 463.808380 240.233994 46.093380 1.798000 248
251 494.592529 253.029114 42.573433 1.240000 249
252 463.784180 240.756989 46.086689 1.798000 250
253 494.315338 253.807587 41.193100 1.426000 251
254 463.769379 241.457138 46.082592 1.798000 252
255 463.762512 242.236710 45.024513 1.426000 254
256 463.376160 242.797302 45.679554 2.356000 255
257 462.870911 243.731308 45.066078 2.542000 256
258 462.262451 244.526367 43.896645 1.612000 257
259 461.771240 245.073181 44.268322 1.240000 258
260 461.121674 245.755249 44.485588 1.240000 259
261 460.507477 246.382553 44.573265 1.240000 260
262 459.778656 247.118057 44.617992 1.240000 261
263 459.222961 247.675613 44.630486 1.240000 262
264 458.047058 248.414108 44.637215 1.240000 263
265 458.128510 249.361038 44.638920 1.240000 264
