236
237
238
239
253
281
282
296
297
298
318
334
335
336
337
338
339
376
371
372
373
374
375
369
370
359
360
361
362
363
364
365
366
367
368
358
391
396
397
398
399
394
395
392
393
400
404
403
402
401
405
459
450
451
452
453
454
455
449
442
443
444
445
446
447
448
457
456
458
441
435
436
437
438
439
440
434
474
483
481
482
477
478
479
480
488
487
486
484
485
475
476
489
494
493
492
491
490
495
565
550
551
552
553
561
562
554
555
556
557
558
559
560
537
538
539
540
541
542
543
544
545
546
547
548
549
564
563
536
529
530
531
532
533
534
535
524
525
526
527
528
580
595
596
597
598
599
600
601
602
603
604
605
606
607
586
588
589
590
591
592
593
594
587
626
615
616
617
618
619
620
621
622
623
624
625
614
613
612
609
610
611
608
581
582
583
584
585
627
628
634
633
632
631
630
629
640
638
639
637
635
636
737
714
713
707
708
709
710
711
712
706
705
704
702
703
731
725
726
727
728
729
724
717
718
719
720
721
722
723
715
716
730
682
695
689
690
691
692
693
694
687
688
685
686
684
683
696
697
698
699
700
701
736
735
734
733
732
680
681
677
678
679
670
671
672
673
674
675
676
759
787
788
789
794
793
792
791
790
795
797
796
764
769
770
771
772
773
774
775
767
768
766
776
782
781
780
779
777
778
783
784
785
786
765
803
818
811
812
813
814
815
816
817
810
805
806
807
808
809
804
819
822
820
821
823
802
801
799
800
798
760
761
762
763
824
827
826
825
831
829
830
828
941
900
899
898
892
893
894
895
896
897
891
934
935
936
937
917
918
919
920
921
922
923
924
925
926
927
928
929
930
931
916
913
914
915
910
911
912
932
933
909
904
905
906
907
908
902
903
901
886
874
875
879
880
878
877
876
881
885
884
883
882
873
871
872
869
870
887
889
888
890
940
939
938
868
865
866
867
862
863
864
966
1014
1015
1016
1023
1022
1021
1019
1020
1018
1017
1024
1025
1026
1027
972
973
971
970
995
993
994
992
991
989
990
976
977
978
979
980
981
982
983
984
985
986
987
988
975
996
999
998
997
1001
1000
974
1002
1011
1005
1006
1007
1008
1009
1010
1004
1003
1012
1013
1029
1030
1048
1045
1046
1047
1043
1044
1042
1031
1032
1033
1034
1035
1036
1037
1038
1039
1040
1041
1049
1050
1051
1053
1052
1055
1054
1028
967
968
969
1058
1057
1056
1059
1060
1136
1137
1134
1135
1133
1127
1128
1130
1131
1129
1132
1126
1125
1124
1176
1177
1178
1179
1158
1159
1160
1175
1174
1173
1172
1170
1171
1166
1167
1168
1169
1162
1163
1164
1165
1161
1156
1157
1150
1151
1152
1153
1154
1155
1149
1148
1140
1144
1145
1146
1143
1141
1142
1147
1139
1138
1122
1123
1121
1104
1107
1108
1106
1105
1110
1109
1111
1120
1119
1118
1117
1115
1116
1114
1113
1112
1101
1102
1103
1099
1100
1097
1098
1095
1096
1182
1181
1180
1094
1093
1092
1258
1259
1260
1265
1266
1263
1262
1264
1261
1267
1268
1269
1211
1212
1213
1214
1215
1210
1239
1238
1237
1216
1217
1218
1220
1219
1222
1223
1224
1225
1226
1227
1221
1234
1235
1236
1228
1229
1230
1231
1232
1233
1240
1245
1244
1243
1242
1241
1246
1247
1255
1251
1248
1249
1250
1252
1254
1253
1256
1257
1270
1271
1272
1273
1274
1295
1291
1292
1293
1294
1288
1289
1290
1287
1275
1276
1277
1278
1279
1280
1281
1282
1283
1284
1285
1286
1299
1297
1298
1296
1301
1300
1302
1303
1207
1208
1209
1304
1305
1387
1388
1389
1386
1385
1382
1381
1383
1384
1445
1444
1443
1442
1446
1410
1411
1441
1440
1439
1438
1437
1431
1432
1433
1434
1435
1436
1430
1429
1414
1413
1412
1418
1419
1420
1421
1422
1423
1424
1425
1426
1427
1428
1417
1416
1415
1409
1404
1405
1406
1407
1408
1403
1402
1394
1395
1396
1397
1398
1399
1400
1401
1393
1391
1392
1390
1380
1379
1378
1377
1352
1358
1357
1354
1355
1356
1353
1361
1360
1359
1362
1363
1376
1375
1373
1374
1372
1371
1369
1370
1366
1367
1368
1365
1364
1350
1351
1347
1348
1349
1346
1449
1448
1447
1345
1534
1535
1533
1532
1536
1537
1543
1544
1539
1540
1541
1542
1538
1471
1472
1473
1474
1475
1476
1470
1514
1477
1478
1479
1480
1481
1482
1483
1485
1486
1487
1488
1489
1490
1484
1491
1511
1512
1513
1507
1504
1505
1506
1500
1501
1502
1503
1497
1498
1499
1496
1495
1494
1492
1493
1508
1509
1510
1518
1517
1516
1515
1519
1520
1528
1527
1526
1523
1524
1525
1521
1522
1529
1530
1531
1545
1546
1547
1566
1567
1568
1572
1571
1569
1570
1573
1562
1563
1564
1565
1560
1561
1557
1558
1559
1548
1549
1553
1554
1550
1551
1552
1555
1556
1574
1575
1576
1578
1577
1579
1467
1468
1469
1651
1650
1652
1653
1654
1649
1648
1647
1643
1644
1645
1646
1642
1738
1739
1740
1737
1736
1735
1741
1682
1734
1733
1732
1731
1730
1729
1728
1709
1710
1711
1712
1713
1714
1715
1716
1717
1718
1719
1720
1721
1722
1723
1724
1725
1726
1727
1708
1707
1706
1685
1684
1683
1693
1690
1691
1692
1699
1700
1696
1697
1698
1695
1694
1702
1701
1703
1705
1704
1689
1686
1687
1688
1679
1680
1681
1678
1656
1657
1677
1658
1659
1660
1661
1662
1663
1664
1665
1666
1667
1668
1669
1670
1671
1672
1673
1674
1675
1676
1655
1640
1641
1636
1637
1638
1639
1635
1616
1615
1613
1614
1612
1621
1622
1620
1618
1619
1617
1624
1623
1626
1625
1634
1633
1629
1632
1631
1630
1628
1627
1609
1610
1611
1608
1606
1607
1605
1744
1743
1742
1878
1876
1877
1879
1880
1883
1882
1881
1768
1766
1767
1769
1770
1771
1765
1772
1773
1774
1775
1776
1777
1778
1779
1780
1781
1810
1808
1809
1804
1805
1806
1807
1803
1802
1794
1795
1796
1797
1798
1799
1800
1801
1792
1793
1791
1789
1790
1787
1788
1786
1785
1784
1783
1782
1811
1834
1835
1836
1818
1819
1817
1821
1822
1823
1824
1825
1826
1827
1828
1820
1815
1816
1814
1812
1813
1829
1832
1833
1831
1830
1838
1837
1839
1874
1873
1867
1868
1869
1870
1871
1872
1865
1866
1855
1856
1857
1858
1859
1860
1861
1862
1863
1864
1854
1853
1849
1850
1851
1852
1848
1845
1846
1847
1843
1844
1842
1840
1841
1875
1884
1887
1885
1886
1888
1889
1909
1910
1913
1911
1912
1914
1903
1907
1904
1905
1906
1908
1901
1902
1899
1900
1890
1891
1895
1896
1892
1893
1894
1897
1898
1915
1916
1917
1918
1919
1760
1761
1762
1763
1764
1985
1986
1987
1988
1989
1990
1992
1993
1991
1983
1984
1980
1981
1982
2122
2124
2123
2121
2120
2119
2125
2118
2117
2116
2115
2114
2113
2112
2075
2077
2078
2079
2080
2076
2083
2084
2085
2086
2087
2088
2089
2090
2082
2081
2099
2100
2101
2097
2098
2095
2096
2094
2093
2092
2091
2102
2103
2104
2105
2106
2107
2108
2109
2110
2111
2074
2047
2048
2049
2046
2065
2063
2062
2060
2061
2058
2059
2057
2056
2055
2054
2064
2067
2066
2068
2073
2069
2070
2071
2072
2053
2051
2050
2052
2045
2044
2003
2004
2005
2006
2002
2000
2001
1996
1997
1998
1999
1995
2008
2009
2010
2007
2031
2030
2028
2029
2027
2026
2018
2019
2020
2021
2022
2023
2024
2025
2017
2014
2015
2016
2011
2012
2013
2032
2033
2037
2036
2035
2034
2040
2039
2038
2041
2043
2042
1994
1974
1975
1976
1977
1979
1978
1972
1973
1947
1946
1944
1945
1943
1955
1956
1957
1958
1959
1949
1954
1951
1952
1953
1950
1948
1961
1960
1962
1971
1966
1965
1968
1969
1970
1967
1964
1963
1942
1941
2128
2127
2126
2309
2310
2311
2308
2307
2305
2304
2306
2312
2315
2313
2314
2147
2145
2146
2148
2149
2150
2151
2152
2144
2153
2154
2155
2156
2157
2190
2189
2188
2185
2186
2187
2177
2178
2179
2180
2181
2182
2183
2176
2175
2174
2184
2167
2166
2165
2169
2168
2170
2171
2172
2173
2164
2163
2162
2160
2161
2159
2158
2191
2226
2222
2223
2224
2225
2221
2227
2201
2202
2203
2204
2205
2206
2207
2208
2209
2210
2211
2212
2213
2197
2198
2199
2200
2196
2192
2195
2194
2193
2214
2215
2216
2218
2219
2220
2217
2228
2295
2296
2293
2294
2286
2287
2288
2289
2290
2291
2292
2285
2297
2302
2300
2301
2298
2299
2283
2282
2284
2245
2246
2248
2247
2261
2262
2263
2264
2265
2266
2267
2268
2269
2270
2271
2272
2273
2260
2258
2259
2257
2254
2255
2256
2250
2251
2252
2253
2249
2274
2280
2281
2276
2277
2278
2279
2275
2244
2238
2239
2240
2241
2242
2243
2235
2236
2237
2234
2229
2230
2231
2232
2233
2303
2319
2318
2317
2316
2320
2341
2342
2343
2345
2344
2346
2347
2334
2333
2332
2339
2335
2337
2336
2338
2340
2329
2330
2331
2321
2326
2327
2324
2322
2323
2325
2328
2348
2349
2142
2143
2404
2405
2403
2406
2408
2409
2407
2402
2397
2398
2401
2399
2400
2561
2563
2564
2562
2560
2559
2558
2557
2556
2527
2528
2529
2532
2533
2531
2530
2543
2536
2537
2538
2539
2540
2541
2542
2535
2544
2545
2546
2534
2550
2551
2549
2548
2547
2552
2553
2554
2555
2526
2481
2491
2489
2490
2484
2485
2486
2487
2488
2482
2483
2492
2480
2514
2512
2513
2511
2510
2509
2508
2504
2505
2506
2507
2503
2502
2501
2500
2499
2521
2522
2523
2517
2518
2519
2520
2516
2515
2524
2525
2498
2497
2496
2494
2493
2495
2479
2417
2418
2416
2419
2427
2428
2424
2425
2426
2423
2422
2421
2420
2429
2430
2415
2410
2412
2413
2411
2414
2431
2432
2433
2434
2469
2455
2456
2447
2448
2449
2450
2451
2452
2453
2454
2446
2445
2443
2444
2441
2442
2440
2458
2457
2459
2464
2460
2461
2462
2463
2467
2466
2465
2468
2435
2438
2436
2437
2439
2472
2471
2470
2475
2474
2473
2476
2478
2477
2393
2394
2395
2396
2375
2373
2374
2369
2370
2371
2372
2368
2383
2384
2385
2377
2382
2379
2380
2381
2378
2376
2388
2387
2386
2389
2390
2391
2392
2367
2567
2565
2566
2758
2759
2757
2760
2754
2755
2756
2752
2753
2767
2763
2764
2765
2766
2762
2761
2589
2590
2591
2592
2593
2594
2595
2596
2634
2632
2633
2628
2629
2630
2631
2609
2624
2625
2615
2616
2617
2618
2619
2620
2621
2622
2623
2613
2614
2612
2610
2611
2626
2608
2607
2606
2627
2602
2601
2603
2604
2605
2600
2599
2598
2597
2635
2636
2637
2672
2663
2664
2669
2668
2665
2666
2667
2671
2670
2662
2648
2649
2650
2651
2652
2655
2654
2653
2656
2657
2640
2644
2645
2643
2641
2642
2646
2647
2639
2638
2658
2659
2661
2660
2673
2736
2737
2738
2739
2740
2741
2742
2743
2732
2733
2734
2735
2744
2731
2723
2725
2726
2727
2724
2728
2729
2730
2722
2721
2750
2751
2748
2747
2749
2745
2746
2683
2700
2699
2709
2710
2711
2708
2707
2706
2702
2703
2704
2705
2701
2712
2713
2714
2716
2715
2694
2695
2696
2697
2698
2693
2689
2692
2691
2690
2685
2686
2687
2688
2684
2719
2720
2717
2718
2680
2681
2682
2675
2676
2677
2678
2679
2674
2771
2770
2769
2768
2787
2788
2790
2789
2794
2792
2793
2791
2795
2796
2780
2779
2785
2781
2783
2782
2784
2786
2774
2775
2776
2777
2778
2773
2772
2586
2588
2587
2853
2854
2857
2856
2855
2859
2858
2845
2850
2848
2849
2846
2847
2851
2852
3009
3007
3008
3005
3006
3004
3003
3001
3002
2959
2960
2966
2962
2963
2964
2965
2961
2992
2970
2981
2982
2983
2984
2985
2974
2975
2976
2977
2978
2979
2980
2972
2973
2971
2987
2988
2986
2989
2990
2991
2968
2969
2993
2994
2995
2967
2998
2997
2996
2999
3000
2958
2957
2936
2937
2933
2935
2934
2947
2946
2945
2944
2943
2942
2941
2955
2950
2951
2952
2953
2954
2949
2948
2956
2939
2940
2938
2932
2872
2870
2871
2869
2867
2868
2866
2865
2877
2878
2875
2876
2874
2873
2860
2862
2861
2864
2863
2923
2903
2904
2893
2894
2889
2890
2891
2892
2895
2896
2900
2898
2899
2897
2901
2902
2888
2887
2886
2884
2885
2908
2907
2906
2905
2909
2916
2910
2911
2912
2913
2914
2915
2920
2921
2918
2919
2917
2922
2880
2881
2879
2883
2882
2924
2928
2927
2925
2926
2929
2930
2931
2838
2839
2840
2841
2842
2843
2844
2820
2817
2818
2819
2813
2815
2814
2816
2812
2811
2828
2829
2822
2826
2827
2824
2825
2823
2821
2834
2835
2833
2831
2832
2830
2836
2837
3012
3013
3010
3011
3191
3189
3190
3193
3195
3196
3197
3194
3198
3192
3032
3034
3033
3035
3036
3037
3038
3082
3081
3071
3072
3077
3078
3079
3074
3075
3076
3073
3080
3045
3056
3057
3055
3054
3053
3052
3063
3064
3060
3061
3062
3059
3058
3066
3065
3049
3048
3050
3051
3046
3047
3069
3067
3068
3044
3070
3041
3042
3043
3040
3039
3083
3084
3085
3114
3115
3102
3103
3104
3105
3106
3107
3108
3109
3089
3090
3091
3092
3093
3094
3095
3096
3097
3098
3099
3087
3088
3100
3101
3086
3110
3111
3112
3113
3116
3173
3176
3174
3175
3177
3178
3179
3180
3181
3182
3169
3168
3171
3170
3172
3185
3186
3187
3188
3183
3184
3124
3143
3142
3151
3156
3154
3155
3153
3152
3150
3149
3146
3147
3148
3145
3144
3157
3158
3159
3160
3162
3163
3164
3161
3139
3140
3141
3137
3138
3130
3131
3132
3136
3135
3134
3133
3126
3127
3128
3129
3125
3166
3167
3165
3122
3123
3121
3118
3119
3120
3117
3206
3205
3204
3201
3202
3203
3199
3200
3228
3229
3232
3233
3234
3231
3230
3237
3238
3236
3235
3239
3240
3241
3216
3214
3215
3226
3219
3220
3217
3218
3223
3221
3222
3224
3225
3227
3209
3208
3210
3211
3212
3213
3207
3030
3028
3029
3031
3298
3299
3296
3295
3294
3297
3469
3470
3464
3465
3466
3467
3468
3463
3462
3461
3460
3416
3427
3426
3421
3420
3419
3422
3423
3424
3425
3417
3418
3453
3440
3441
3442
3443
3444
3445
3446
3433
3437
3435
3436
3434
3438
3439
3431
3432
3449
3450
3451
3448
3447
3452
3429
3430
3454
3428
3457
3455
3456
3458
3459
3415
3414
3395
3394
3402
3401
3400
3399
3411
3410
3409
3408
3407
3406
3405
3412
3404
3403
3413
3398
3397
3396
3317
3316
3313
3314
3315
3311
3312
3310
3309
3307
3308
3306
3322
3323
3321
3318
3319
3320
3300
3303
3304
3305
3301
3302
3386
3358
3359
3360
3361
3342
3339
3340
3341
3343
3344
3355
3354
3345
3346
3347
3348
3349
3350
3351
3352
3353
3356
3357
3338
3337
3336
3335
3334
3333
3367
3368
3366
3362
3363
3364
3365
3369
3377
3375
3376
3370
3371
3372
3373
3374
3384
3381
3382
3383
3380
3378
3379
3385
3331
3324
3325
3326
3327
3328
3329
3330
3332
3388
3387
3390
3389
3391
3392
3393
3287
3288
3289
3292
3291
3290
3293
3267
3268
3261
3262
3260
3258
3259
3263
3264
3265
3266
3255
3254
3256
3257
3253
3252
3279
3280
3281
3278
3270
3275
3274
3276
3277
3272
3273
3271
3269
3284
3285
3283
3282
3286
3472
3473
3474
3475
3476
3477
3478
3471
3666
3670
3671
3672
3673
3674
3675
3667
3668
3669
3498
3504
3501
3502
3503
3500
3499
3505
3506
3553
3544
3549
3550
3551
3546
3547
3548
3545
3552
3514
3528
3527
3526
3525
3524
3522
3523
3540
3531
3532
3533
3534
3535
3536
3537
3538
3539
3530
3529
3541
3520
3519
3517
3518
3521
3515
3516
3542
3512
3513
3543
3510
3511
3509
3507
3508
3554
3555
3556
3557
3572
3573
3568
3569
3570
3561
3562
3563
3564
3565
3566
3559
3560
3567
3558
3571
3650
3651
3652
3654
3653
3656
3657
3658
3659
3660
3661
3655
3662
3663
3646
3647
3649
3648
3665
3664
3583
3584
3608
3607
3606
3629
3632
3631
3630
3628
3627
3613
3614
3626
3623
3624
3625
3622
3619
3620
3621
3615
3616
3617
3618
3610
3611
3612
3609
3633
3634
3635
3636
3637
3638
3639
3601
3605
3604
3602
3603
3600
3592
3593
3599
3596
3597
3598
3595
3594
3586
3587
3590
3589
3588
3591
3585
3644
3645
3643
3642
3641
3640
3581
3582
3577
3578
3579
3580
3576
3574
3575
3679
3678
3676
3677
3702
3704
3703
3701
3699
3700
3708
3709
3707
3705
3706
3710
3711
3685
3684
3686
3687
3688
3695
3696
3697
3698
3691
3689
3690
3692
3693
3694
3682
3681
3683
3680
3495
3496
3494
3493
3492
3497
3763
3759
3758
3757
3756
3761
3762
3760
3906
3907
3908
3909
3897
3900
3901
3902
3898
3899
3903
3904
3905
3844
3843
3842
3849
3850
3845
3846
3847
3848
3851
3841
3888
3865
3866
3867
3868
3869
3870
3871
3872
3873
3874
3875
3876
3877
3878
3879
3880
3881
3882
3855
3862
3861
3860
3858
3859
3857
3856
3863
3864
3853
3854
3884
3885
3883
3887
3886
3852
3889
3892
3890
3891
3896
3893
3894
3895
3840
3827
3831
3830
3834
3833
3837
3835
3836
3832
3838
3839
3828
3829
3774
3775
3773
3772
3771
3768
3769
3770
3767
3766
3777
3776
3764
3765
3823
3822
3804
3805
3787
3788
3789
3790
3791
3792
3802
3801
3793
3796
3797
3795
3794
3798
3799
3800
3803
3786
3785
3784
3782
3783
3809
3806
3807
3808
3810
3811
3815
3813
3812
3814
3817
3818
3819
3820
3816
3821
3779
3778
3780
3781
3824
3826
3825
3752
3753
3755
3754
3728
3727
3729
3732
3730
3731
3724
3723
3725
3726
3721
3722
3720
3745
3746
3747
3744
3743
3742
3734
3733
3740
3741
3739
3737
3738
3736
3735
3748
3749
3750
3751
3911
3912
3910
4103
4106
4107
4108
4109
4110
4111
4105
4104
3934
3935
3932
3933
3943
3939
3940
3938
3937
3942
3941
3936
4007
4008
4009
4010
4003
4002
4006
4005
4004
4001
4011
3958
3982
3983
3984
3985
3986
3981
3980
3973
3974
3975
3976
3977
3978
3979
3972
3971
3970
3969
3968
3967
3965
3966
3998
3988
3989
3991
3992
3993
3994
3995
3990
3996
3997
3987
3999
3962
3963
3961
3964
3959
3960
4000
3956
3957
3953
3955
3954
3944
3945
3946
3952
3947
3948
3949
3950
3951
4012
4025
4026
4024
4018
4019
4020
4021
4022
4023
4014
4015
4016
4017
4013
4028
4027
4083
4084
4085
4086
4087
4088
4089
4090
4091
4092
4093
4095
4096
4097
4098
4094
4099
4081
4082
4102
4100
4101
4033
4034
4057
4070
4069
4067
4068
4059
4065
4066
4064
4061
4062
4063
4060
4058
4071
4072
4073
4075
4074
4052
4056
4055
4053
4054
4046
4047
4048
4049
4050
4051
4043
4044
4045
4041
4039
4040
4036
4037
4038
4042
4035
4078
4079
4080
4077
4076
4031
4032
4029
4030
4115
4116
4114
4112
4113
4138
4137
4141
4140
4139
4142
4143
4144
4124
4123
4122
4125
4126
4127
4128
4129
4130
4131
4132
4133
4134
4135
4136
4121
4120
4118
4119
4117
3931
3930
4188
4186
4185
4184
4187
4361
4362
4363
4364
4360
4367
4365
4366
4353
4356
4355
4357
4358
4354
4359
4286
4285
4284
4283
4291
4292
4287
4288
4289
4290
4293
4294
4281
4282
4339
4315
4314
4313
4312
4311
4316
4323
4324
4325
4326
4327
4322
4321
4320
4319
4317
4318
4328
4329
4330
4331
4333
4332
4308
4307
4305
4303
4304
4302
4301
4300
4306
4299
4298
4309
4310
4297
4334
4335
4337
4338
4336
4295
4296
4344
4340
4341
4342
4343
4352
4351
4345
4347
4348
4349
4350
4346
4280
4273
4272
4274
4279
4277
4278
4276
4275
4270
4271
4216
4217
4218
4215
4214
4212
4213
4210
4211
4209
4207
4208
4197
4198
4199
4200
4201
4202
4203
4204
4205
4206
4192
4193
4194
4195
4196
4191
4219
4189
4190
4265
4263
4264
4239
4240
4229
4230
4231
4232
4238
4234
4233
4235
4237
4236
4228
4227
4226
4224
4225
4243
4241
4242
4248
4246
4247
4245
4244
4249
4252
4253
4255
4254
4261
4256
4257
4258
4259
4260
4250
4251
4262
4221
4220
4222
4223
4268
4266
4267
4269
4180
4181
4183
4182
4158
4159
4155
4156
4157
4154
4153
4171
4172
4173
4170
4169
4168
4166
4167
4165
4164
4162
4163
4161
4160
4174
4175
4178
4179
4176
4177
4368
4369
4370
4566
4567
4568
4569
4401
4400
4399
4397
4398
4402
4394
4396
4395
4407
4405
4404
4406
4403
4483
4484
4485
4478
4477
4481
4482
4480
4479
4476
4474
4475
4425
4450
4451
4452
4453
4454
4455
4456
4457
4442
4441
4439
4440
4435
4436
4437
4438
4443
4444
4445
4446
4449
4447
4448
4434
4433
4431
4432
4460
4461
4463
4464
4465
4466
4462
4467
4459
4458
4468
4469
4430
4429
4427
4426
4428
4473
4470
4471
4472
4418
4419
4423
4424
4422
4421
4420
4408
4409
4417
4414
4415
4412
4413
4411
4410
4416
4486
4491
4492
4487
4488
4489
4490
4494
4493
4541
4542
4544
4543
4546
4547
4545
4548
4550
4551
4549
4557
4555
4556
4554
4552
4553
4564
4560
4561
4562
4563
4559
4558
4565
4498
4497
4520
4533
4532
4530
4531
4528
4529
4521
4526
4527
4524
4525
4522
4523
4534
4535
4536
4537
4518
4519
4515
4514
4516
4517
4513
4509
4508
4499
4500
4507
4501
4502
4503
4504
4505
4506
4512
4510
4511
4539
4540
4538
4495
4496
4574
4572
4573
4570
4571
4595
4594
4597
4596
4598
4599
4600
4583
4582
4581
4584
4585
4586
4587
4588
4589
4590
4591
4592
4593
4580
4579
4576
4575
4577
4578
4392
4393
4391
4642
4641
4640
4639
4811
4812
4813
4815
4816
4814
4810
4819
4817
4818
4804
4806
4805
4807
4808
4809
4723
4724
4722
4721
4728
4729
4730
4731
4725
4726
4727
4732
4733
4788
4789
4759
4757
4758
4756
4754
4755
4753
4751
4752
4750
4768
4769
4771
4772
4770
4776
4775
4774
4773
4766
4767
4765
4764
4763
4760
4761
4762
4777
4778
4781
4779
4780
4748
4747
4744
4745
4742
4743
4746
4741
4749
4740
4738
4739
4782
4783
4787
4784
4785
4786
4734
4735
4737
4736
4791
4790
4792
4793
4794
4795
4803
4802
4796
4799
4798
4800
4801
4797
4720
4714
4712
4713
4719
4717
4718
4716
4715
4710
4711
4674
4671
4672
4673
4670
4665
4666
4667
4668
4669
4664
4663
4660
4661
4659
4662
4648
4649
4650
4651
4652
4653
4654
4655
4656
4657
4658
4644
4647
4646
4645
4643
4707
4708
4681
4682
4683
4684
4685
4686
4688
4687
4680
4679
4678
4689
4690
4692
4693
4691
4697
4705
4706
4698
4703
4704
4702
4701
4700
4699
4694
4696
4695
4676
4675
4677
4709
4634
4635
4636
4638
4637
4615
4616
4614
4613
4612
4627
4628
4629
4630
4626
4625
4624
4623
4622
4620
4621
4619
4618
4617
4631
4632
4633
4820
4821
4822
5038
5039
4858
4854
4855
4856
4857
4853
4859
4850
4851
4852
4866
4862
4863
4864
4865
4861
4860
4957
4956
4958
4959
4949
4948
4947
4946
4955
4952
4953
4954
4950
4951
4945
4882
4883
4881
4914
4916
4917
4918
4915
4919
4920
4921
4922
4923
4924
4925
4926
4927
4928
4904
4905
4903
4901
4900
4902
4896
4897
4898
4899
4906
4907
4908
4911
4912
4913
4909
4910
4895
4892
4894
4893
4930
4931
4932
4935
4936
4933
4934
4937
4929
4938
4940
4939
4891
4890
4884
4885
4886
4887
4888
4889
4942
4943
4944
4941
4879
4880
4878
4876
4877
4875
4867
4868
4874
4871
4872
4870
4869
4873
4967
4968
4969
4970
4971
4972
4960
4963
4961
4962
4964
4965
4966
4974
4973
5007
5009
5008
5010
5015
5013
5014
5012
5011
5016
5017
5020
5019
5021
5018
5031
5030
5028
5029
5027
5026
5025
5024
5023
5022
5032
5033
5034
5035
5036
5037
4975
5000
4999
4998
4997
4996
4995
4992
4993
4994
5001
5002
5003
4991
4988
4989
4987
4990
4977
4976
4983
4978
4979
4980
4981
4982
4986
4984
4985
5005
5006
5004
5042
5043
5041
5040
5060
5059
5061
5062
5050
5049
5048
5047
5051
5052
5054
5053
5055
5056
5057
5058
5046
5045
5044
4849
4847
4848
5097
5096
5275
5278
5277
5276
5279
5274
5282
5281
5280
5269
5271
5270
5272
5273
5169
5170
5177
5178
5179
5180
5181
5171
5172
5174
5175
5173
5176
5182
5183
5184
5253
5252
5254
5211
5212
5209
5210
5207
5208
5206
5204
5205
5203
5201
5202
5200
5229
5227
5228
5230
5232
5233
5231
5236
5235
5234
5225
5226
5224
5223
5215
5216
5217
5218
5219
5220
5221
5213
5214
5222
5237
5238
5241
5239
5240
5198
5197
5194
5195
5196
5190
5191
5192
5193
5189
5199
5188
5242
5243
5248
5249
5250
5251
5247
5246
5244
5245
5186
5185
5187
5255
5256
5257
5258
5259
5260
5261
5265
5266
5264
5267
5268
5262
5263
5165
5168
5167
5166
5163
5164
5129
5123
5125
5124
5126
5127
5128
5122
5118
5119
5117
5120
5121
5103
5104
5105
5106
5107
5108
5109
5110
5111
5112
5113
5114
5115
5116
5102
5100
5101
5098
5099
5162
5136
5137
5138
5139
5140
5141
5143
5142
5135
5134
5133
5144
5147
5148
5149
5146
5150
5145
5160
5161
5153
5159
5158
5157
5154
5155
5156
5151
5152
5131
5130
5132
5093
5090
5091
5092
5094
5095
5075
5074
5073
5083
5084
5085
5086
5082
5081
5079
5080
5078
5077
5076
5087
5088
5089
5283
5285
5284
5483
5484
5304
5305
5303
5306
5299
5300
5301
5302
5311
5308
5309
5310
5307
5411
5405
5404
5408
5409
5410
5407
5406
5403
5402
5325
5326
5327
5328
5324
5375
5377
5378
5379
5376
5381
5380
5382
5383
5384
5385
5386
5387
5355
5357
5356
5354
5353
5351
5352
5348
5349
5350
5359
5358
5360
5361
5372
5370
5371
5368
5369
5366
5367
5365
5362
5363
5364
5374
5373
5346
5347
5342
5345
5343
5344
5388
5389
5390
5393
5394
5392
5391
5397
5396
5395
5398
5340
5341
5339
5334
5331
5332
5333
5330
5329
5335
5336
5338
5337
5400
5401
5399
5323
5322
5321
5320
5319
5317
5318
5313
5314
5312
5316
5315
5414
5412
5413
5416
5415
5454
5459
5460
5458
5457
5456
5455
5461
5462
5472
5473
5474
5475
5471
5469
5470
5468
5467
5466
5465
5464
5463
5476
5478
5477
5480
5481
5482
5479
5417
5445
5444
5443
5442
5441
5440
5438
5439
5446
5447
5448
5449
5437
5434
5433
5432
5435
5431
5436
5419
5418
5427
5428
5420
5421
5422
5423
5426
5425
5424
5430
5429
5452
5453
5450
5451
5487
5489
5488
5486
5485
5504
5505
5506
5496
5495
5494
5493
5497
5498
5500
5499
5501
5502
5503
5492
5491
5490
5298
5297
5536
5535
5699
5698
5700
5701
5702
5697
5708
5709
5707
5706
5703
5704
5705
5691
5695
5696
5694
5692
5693
5595
5601
5602
5598
5599
5600
5597
5596
5603
5604
5680
5677
5678
5679
5632
5628
5629
5627
5630
5631
5626
5625
5624
5623
5622
5621
5620
5654
5650
5651
5652
5653
5655
5657
5656
5660
5659
5658
5645
5646
5647
5648
5649
5643
5644
5642
5635
5636
5637
5638
5641
5640
5639
5633
5634
5661
5665
5662
5663
5664
5619
5618
5617
5613
5612
5614
5615
5616
5609
5610
5611
5608
5666
5667
5668
5669
5670
5675
5676
5674
5673
5671
5672
5606
5607
5605
5681
5682
5683
5684
5685
5686
5688
5689
5690
5687
5593
5594
5591
5592
5564
5559
5558
5560
5561
5562
5563
5557
5555
5556
5545
5544
5546
5547
5548
5549
5550
5551
5552
5553
5554
5543
5541
5542
5538
5537
5539
5540
5590
5572
5573
5574
5575
5570
5571
5569
5568
5567
5576
5578
5579
5580
5577
5581
5589
5583
5587
5588
5586
5584
5585
5582
5565
5566
5532
5533
5534
5517
5514
5515
5516
5513
5524
5525
5526
5527
5528
5523
5522
5521
5519
5520
5518
5529
5530
5531
5710
5711
5712
5891
5892
5742
5743
5739
5740
5741
5737
5738
5736
5744
5730
5731
5732
5735
5734
5733
5750
5746
5745
5747
5749
5748
5841
5842
5834
5836
5837
5838
5835
5839
5840
5833
5763
5766
5765
5764
5809
5808
5810
5811
5807
5806
5812
5813
5814
5815
5816
5817
5818
5790
5791
5792
5788
5789
5786
5787
5783
5784
5785
5798
5797
5794
5795
5796
5793
5799
5804
5803
5800
5801
5802
5805
5781
5782
5778
5780
5779
5819
5820
5824
5823
5822
5821
5826
5825
5827
5776
5777
5775
5774
5773
5768
5767
5769
5770
5772
5771
5830
5828
5829
5831
5832
5762
5761
5760
5759
5757
5758
5753
5752
5751
5754
5755
5756
5844
5843
5870
5871
5872
5869
5868
5867
5865
5866
5873
5875
5876
5877
5874
5883
5884
5885
5882
5881
5880
5879
5878
5886
5887
5888
5889
5890
5858
5857
5859
5860
5861
5862
5856
5855
5854
5853
5845
5847
5848
5849
5846
5850
5851
5852
5864
5863
5895
5894
5893
5905
5906
5907
5902
5901
5900
5899
5903
5904
5897
5898
5896
5729
5728
5931
5930
6081
6080
6083
6082
6086
6084
6085
6087
6088
6089
6090
6091
6092
6093
6079
6095
6096
6094
6075
6077
6078
6076
5992
5997
5998
5996
5995
5993
5994
6057
6055
6056
6018
6019
6017
6016
6015
6014
6013
6012
6011
6010
6009
6035
6037
6036
6038
6041
6039
6040
6029
6030
6032
6031
6033
6034
6027
6028
6020
6021
6022
6025
6026
6024
6023
6043
6042
6044
6007
6008
6006
6003
6004
6005
6002
6047
6045
6046
6048
6049
6054
6053
6052
6050
6051
6000
6001
5999
6058
6059
6060
6061
6062
6063
6065
6066
6067
6064
6071
6072
6073
6074
6070
6069
6068
5990
5991
5957
5958
5956
5955
5959
5960
5954
5951
5952
5949
5950
5947
5948
5953
5938
5939
5940
5941
5937
5935
5936
5942
5943
5944
5945
5946
5934
5933
5932
5967
5968
5966
5965
5964
5962
5963
5969
5970
5971
5972
5989
5986
5987
5988
5977
5978
5979
5980
5981
5982
5983
5984
5985
5976
5975
5973
5974
5961
5927
5928
5929
5914
5912
5913
5911
5918
5919
5920
5921
5922
5916
5917
5915
5925
5923
5924
5926
6097
6296
6297
6129
6130
6128
6127
6121
6122
6123
6124
6125
6126
6120
6119
6131
6118
6116
6117
6134
6135
6132
6133
6216
6215
6217
6218
6219
6220
6150
6152
6151
6198
6197
6199
6200
6201
6202
6203
6204
6171
6170
6168
6169
6179
6180
6175
6176
6177
6178
6173
6174
6172
6183
6181
6182
6196
6188
6189
6190
6191
6192
6193
6194
6195
6184
6185
6186
6187
6166
6167
6165
6206
6207
6205
6208
6211
6212
6210
6209
6213
6161
6164
6162
6163
6159
6160
6153
6154
6155
6156
6157
6158
6214
6149
6148
6147
6146
6145
6144
6143
6138
6137
6136
6139
6140
6141
6142
6222
6221
6266
6267
6268
6265
6269
6270
6264
6263
6273
6274
6272
6276
6277
6278
6279
6275
6281
6280
6271
6289
6288
6287
6290
6291
6286
6285
6284
6282
6283
6292
6293
6294
6295
6253
6252
6254
6255
6256
6257
6258
6260
6259
6251
6250
6248
6249
6223
6227
6226
6224
6225
6244
6243
6240
6241
6242
6237
6238
6239
6232
6233
6234
6235
6236
6231
6229
6230
6228
6245
6246
6247
6261
6262
6300
6299
6298
6310
6311
6307
6306
6305
6304
6308
6309
6302
6303
6301
6115
6333
6492
6493
6494
6499
6498
6497
6495
6496
6500
6501
6491
6502
6503
6488
6490
6489
6407
6408
6405
6406
6404
6403
6478
6477
6424
6425
6422
6423
6421
6420
6419
6418
6455
6459
6460
6456
6457
6458
6442
6443
6444
6445
6446
6447
6448
6450
6449
6451
6452
6453
6454
6440
6441
6426
6435
6431
6432
6433
6434
6430
6428
6429
6427
6439
6437
6438
6436
6462
6461
6463
6464
6416
6417
6412
6411
6413
6414
6415
6410
6468
6465
6467
6466
6470
6469
6476
6475
6474
6473
6471
6472
6409
6479
6480
6481
6482
6486
6487
6484
6485
6483
6401
6402
6364
6362
6363
6361
6365
6360
6366
6367
6354
6355
6356
6357
6358
6352
6351
6350
6353
6347
6348
6349
6359
6339
6340
6338
6336
6337
6341
6342
6343
6344
6346
6345
6335
6334
6375
6376
6374
6373
6372
6369
6370
6371
6377
6378
6381
6379
6380
6399
6400
6384
6385
6387
6386
6389
6388
6396
6395
6390
6391
6392
6393
6394
6397
6398
6383
6382
6368
6325
6326
6327
6328
6329
6330
6331
6332
6315
6314
6319
6320
6321
6317
6318
6316
6323
6322
6324
6504
6691
6533
6532
6531
6527
6528
6530
6529
6526
6525
6524
6523
6536
6534
6535
6618
6617
6620
6621
6619
6622
6623
6546
6547
6598
6597
6600
6599
6601
6602
6567
6563
6562
6566
6565
6564
6579
6576
6577
6578
6575
6574
6571
6572
6573
6570
6568
6569
6581
6580
6596
6591
6592
6590
6589
6587
6588
6593
6594
6595
6584
6582
6583
6585
6586
6561
6560
6604
6603
6612
6613
6607
6608
6609
6610
6611
6605
6606
6614
6557
6559
6558
6555
6556
6548
6549
6550
6551
6553
6554
6552
6615
6616
6545
6544
6543
6542
6539
6537
6538
6540
6541
6625
6624
6657
6658
6659
6660
6661
6656
6662
6655
6654
6671
6672
6670
6665
6666
6667
6668
6669
6664
6673
6675
6676
6674
6663
6685
6683
6684
6687
6686
6681
6682
6680
6679
6677
6678
6688
6689
6690
6647
6648
6649
6650
6651
6646
6645
6628
6626
6627
6642
6641
6640
6639
6632
6633
6634
6638
6637
6636
6635
6630
6631
6629
6643
6644
6652
6653
6699
6700
6697
6698
6696
6695
6694
6693
6692
6708
6709
6704
6703
6706
6705
6707
6701
6702
6522
6730
6878
6879
6884
6882
6883
6880
6881
6885
6886
6887
6888
6873
6875
6876
6877
6874
6792
6793
6794
6790
6791
6789
6788
6866
6865
6813
6814
6811
6812
6810
6809
6846
6847
6850
6851
6848
6849
6838
6839
6840
6841
6837
6836
6842
6843
6844
6845
6835
6815
6820
6821
6822
6823
6824
6825
6826
6819
6827
6829
6828
6818
6817
6816
6833
6834
6832
6830
6831
6852
6853
6808
6798
6805
6804
6803
6800
6801
6802
6799
6807
6806
6797
6858
6854
6855
6856
6857
6860
6859
6864
6863
6861
6862
6796
6795
6867
6868
6869
6870
6871
6872
6787
6754
6755
6756
6753
6752
6751
6757
6758
6750
6759
6760
6745
6747
6746
6748
6744
6741
6742
6743
6749
6734
6735
6733
6736
6737
6738
6740
6739
6732
6731
6768
6767
6766
6765
6769
6770
6784
6785
6786
6772
6773
6774
6779
6778
6775
6776
6777
6781
6780
6782
6783
6771
6762
6763
6764
6761
6722
6721
6724
6723
6725
6726
6727
6728
6729
6713
6712
6717
6718
6715
6716
6714
6720
6719
6889
7074
7075
6924
6923
6919
6920
6922
6921
6918
6916
6917
6914
6915
6913
6929
6927
6926
6925
6928
7011
7010
7009
7015
7016
7017
7012
7013
7014
7018
7019
7020
6935
6936
6937
6988
6991
6989
6990
6992
6993
6994
6957
6955
6953
6954
6956
6965
6966
6964
6963
6967
6962
6961
6960
6958
6959
6968
6987
6982
6983
6984
6985
6979
6980
6981
6977
6978
6976
6986
6975
6971
6969
6970
6972
6974
6973
6952
6951
7003
7004
6997
6998
7000
7001
6999
7002
6995
6996
7005
6947
6949
6950
6948
6945
6946
6938
6939
6940
6944
6941
6942
6943
7006
7007
7008
6934
6933
6932
6931
6930
7055
7056
7053
7054
7052
7057
7051
7050
7058
7048
7049
7047
7060
7061
7062
7065
7064
7063
7059
7070
7071
7069
7068
7067
7066
7072
7073
7037
7038
7039
7040
7041
7036
7035
7023
7021
7022
7033
7030
7032
7031
7027
7028
7029
7025
7026
7024
7034
7045
7043
7044
7042
7046
7082
7080
7081
7079
7078
7077
7076
7089
7090
7091
7085
7084
7087
7086
7088
7083
6912
7114
7113
7277
7278
7281
7279
7280
7282
7283
7284
7285
7286
7265
7271
7272
7273
7274
7275
7276
7266
7267
7268
7269
7270
7190
7191
7192
7183
7182
7184
7185
7186
7187
7188
7189
7181
7180
7179
7260
7258
7259
7208
7207
7206
7205
7237
7239
7240
7241
7238
7231
7232
7233
7234
7236
7235
7230
7209
7213
7214
7211
7212
7218
7217
7215
7216
7221
7219
7220
7222
7223
7210
7224
7227
7229
7228
7226
7225
7242
7243
7197
7196
7201
7202
7199
7200
7198
7204
7203
7195
7248
7245
7244
7246
7247
7249
7257
7256
7255
7253
7254
7251
7252
7250
7193
7194
7261
7262
7263
7264
7141
7139
7140
7142
7143
7144
7136
7137
7138
7145
7146
7135
7149
7150
7147
7148
7151
7132
7133
7126
7127
7128
7129
7130
7131
7134
7120
7117
7118
7119
7121
7122
7123
7124
7125
7116
7115
7161
7160
7159
7156
7157
7158
7162
7176
7177
7178
7166
7167
7168
7169
7173
7172
7170
7171
7174
7175
7163
7164
7165
7154
7153
7155
7152
7103
7104
7106
7105
7107
7108
7109
7110
7111
7112
7096
7095
7094
7100
7101
7098
7099
7097
7102
7287
7465
7466
7322
7321
7317
7320
7318
7319
7316
7315
7313
7314
7332
7327
7328
7326
7324
7325
7323
7331
7330
7329
7412
7411
7419
7420
7417
7418
7416
7415
7414
7413
7336
7337
7338
7400
7401
7402
7403
7359
7357
7356
7358
7364
7363
7362
7360
7361
7365
7399
7393
7394
7396
7397
7395
7388
7389
7391
7392
7390
7383
7384
7385
7387
7386
7377
7378
7379
7380
7381
7382
7398
7376
7367
7368
7369
7370
7371
7366
7372
7373
7374
7375
7354
7355
7353
7409
7405
7407
7406
7408
7404
7410
7347
7351
7352
7349
7350
7348
7345
7346
7339
7340
7341
7342
7343
7344
7335
7334
7333
7449
7450
7452
7451
7448
7453
7446
7445
7447
7457
7456
7455
7454
7460
7462
7461
7459
7458
7463
7464
7435
7436
7439
7438
7437
7434
7422
7421
7432
7428
7429
7430
7431
7427
7424
7426
7425
7423
7433
7441
7442
7440
7443
7444
7476
7477
7474
7475
7473
7472
7471
7470
7467
7468
7469
7485
7486
7480
7482
7481
7483
7484
7478
7479
7312
7509
7508
7647
7648
7649
7652
7650
7651
7653
7654
7656
7655
7639
7644
7645
7646
7640
7641
7642
7643
7561
7562
7552
7553
7556
7554
7555
7557
7558
7559
7560
7637
7636
7575
7574
7573
7618
7620
7621
7619
7613
7614
7615
7617
7616
7576
7577
7582
7583
7584
7579
7578
7580
7581
7588
7585
7586
7587
7592
7591
7589
7590
7597
7598
7595
7596
7594
7593
7599
7606
7607
7608
7609
7610
7604
7605
7603
7611
7612
7602
7601
7600
7622
7623
7624
7565
7569
7570
7571
7567
7568
7566
7572
7563
7564
7629
7625
7627
7626
7628
7630
7635
7634
7633
7631
7632
7638
7528
7527
7529
7531
7532
7530
7521
7522
7523
7524
7525
7526
7515
7516
7517
7513
7514
7518
7519
7520
7511
7512
7510
7538
7537
7535
7536
7539
7540
7541
7550
7551
7543
7545
7544
7546
7549
7547
7548
7542
7534
7533
7497
7498
7496
7500
7499
7501
7502
7503
7504
7507
7506
7505
7490
7489
7495
7493
7494
7492
7491
7657
7846
7847
7848
7849
7698
7696
7697
7692
7693
7694
7695
7691
7690
7688
7689
7708
7701
7700
7699
7707
7705
7706
7704
7702
7703
7794
7793
7804
7801
7803
7802
7800
7799
7797
7798
7795
7796
7710
7711
7781
7782
7783
7784
7785
7734
7732
7731
7733
7739
7738
7737
7735
7736
7780
7779
7772
7773
7771
7770
7776
7777
7778
7775
7774
7767
7769
7768
7760
7761
7764
7765
7766
7762
7763
7755
7754
7757
7756
7758
7759
7753
7745
7746
7744
7742
7743
7747
7748
7749
7741
7740
7750
7751
7752
7730
7729
7728
7791
7792
7788
7787
7789
7790
7786
7720
7725
7726
7727
7722
7723
7724
7721
7719
7712
7713
7714
7717
7718
7715
7716
7709
7831
7832
7830
7827
7828
7826
7829
7836
7835
7834
7833
7839
7838
7841
7840
7837
7843
7842
7844
7845
7819
7820
7821
7823
7822
7818
7817
7815
7816
7805
7806
7813
7811
7812
7810
7807
7809
7808
7814
7824
7825
7865
7864
7862
7863
7860
7861
7859
7857
7858
7850
7851
7852
7853
7854
7855
7856
7871
7872
7873
7866
7868
7867
7869
7870
7687
7899
7900
7898
7897
8047
8049
8048
8052
8053
8050
8051
8054
8055
8056
8057
8040
8044
8045
8046
8041
8042
8043
7950
7951
7952
7941
7942
7943
7945
7944
7946
7947
7948
7949
8038
8037
7964
7963
7962
7961
7960
8010
8012
8013
8011
8004
8005
8006
8007
8008
8009
7965
7966
7971
7972
7969
7968
7967
7970
7976
7973
7974
7975
7985
7986
7984
7981
7978
7979
7980
7977
7982
7983
7993
7994
7990
7991
7992
7987
7988
7989
8000
7999
8001
8002
7997
7998
8003
7996
7995
8014
8015
8016
7955
7953
7954
7957
7956
7958
7959
8026
8020
8019
8017
8018
8022
8023
8021
8024
8025
8027
8028
8035
8036
8034
8033
8030
8031
8029
8032
8039
7913
7914
7915
7917
7918
7916
7910
7911
7912
7906
7907
7908
7905
7909
7903
7904
7902
7901
7925
7924
7923
7921
7922
7926
7927
7928
7939
7940
7930
7933
7934
7931
7932
7935
7937
7938
7936
7929
7920
7919
7882
7883
7884
7885
7887
7886
7890
7891
7888
7889
7892
7893
7896
7895
7894
7877
7876
7881
7879
7880
7878
8058
8263
8264
8262
8265
8266
8094
8093
8090
8092
8091
8089
8088
8102
8097
8098
8099
8096
8095
8101
8100
8208
8207
8219
8216
8217
8218
8215
8213
8214
8211
8212
8209
8210
8104
8105
8192
8193
8194
8195
8196
8197
8198
8133
8134
8128
8126
8127
8129
8130
8131
8132
8140
8136
8137
8138
8139
8135
8189
8190
8191
8179
8181
8182
8183
8184
8185
8186
8187
8188
8180
8176
8178
8177
8160
8161
8162
8163
8173
8174
8175
8165
8166
8167
8168
8169
8170
8171
8172
8164
8150
8148
8149
8151
8155
8156
8157
8158
8159
8153
8154
8152
8144
8141
8142
8143
8145
8146
8147
8125
8124
8123
8202
8203
8204
8205
8206
8200
8201
8199
8114
8119
8121
8122
8120
8116
8117
8118
8115
8113
8112
8107
8106
8108
8109
8111
8110
8103
8247
8248
8246
8244
8245
8253
8251
8252
8249
8250
8259
8257
8258
8260
8254
8255
8256
8261
8235
8236
8237
8238
8239
8241
8240
8234
8233
8232
8220
8221
8230
8226
8227
8225
8228
8229
8224
8222
8223
8231
8242
8243
8279
8277
8278
8275
8274
8276
8272
8273
8270
8271
8267
8268
8269
8284
8285
8280
8282
8281
8283
8087
8310
8309
8311
8308
8307
8460
8462
8461
8463
8451
8456
8457
8455
8454
8458
8459
8452
8453
8360
8361
8350
8353
8352
8351
8354
8356
8355
8357
8359
8358
8449
8374
8373
8372
8370
8371
8369
8426
8427
8431
8432
8433
8430
8429
8428
8421
8422
8423
8420
8424
8425
8376
8377
8378
8375
8385
8383
8382
8381
8380
8379
8384
8388
8386
8387
8398
8397
8396
8395
8389
8394
8393
8392
8391
8390
8406
8408
8409
8410
8407
8405
8404
8402
8403
8401
8400
8399
8415
8416
8419
8418
8417
8413
8414
8412
8411
8434
8435
8436
8365
8366
8364
8362
8363
8368
8367
8442
8443
8437
8438
8441
8440
8439
8444
8445
8448
8447
8446
8450
8326
8325
8327
8329
8328
8322
8324
8323
8316
8319
8317
8318
8315
8321
8320
8312
8313
8314
8335
8334
8333
8331
8332
8336
8337
8338
8349
8348
8340
8342
8341
8343
8344
8345
8347
8346
8339
8330
8296
8298
8297
8299
8300
8302
8301
8303
8306
8305
8304
8289
8288
8295
8291
8292
8293
8294
8290
8464
8650
8651
8652
8653
8495
8493
8494
8503
8498
8499
8500
8497
8496
8502
8501
8593
8592
8603
8600
8601
8602
8599
8597
8598
8596
8594
8595
8504
8574
8575
8576
8577
8579
8580
8581
8582
8578
8583
8523
8522
8517
8516
8518
8519
8520
8521
8528
8529
8527
8526
8530
8525
8524
8570
8569
8571
8572
8573
8563
8564
8565
8566
8567
8568
8561
8562
8549
8550
8551
8552
8559
8560
8553
8554
8555
8556
8557
8558
8543
8541
8540
8539
8542
8544
8545
8546
8547
8548
8535
8534
8531
8532
8533
8537
8536
8538
8515
8514
8586
8587
8588
8585
8589
8591
8590
8584
8509
8513
8512
8510
8511
8508
8505
8506
8507
8631
8630
8628
8629
8634
8635
8632
8633
8644
8645
8638
8639
8640
8643
8641
8642
8646
8636
8637
8649
8647
8648
8622
8623
8624
8626
8625
8621
8620
8619
8604
8605
8606
8607
8616
8613
8614
8615
8612
8611
8610
8608
8609
8617
8618
8627
8664
8662
8663
8661
8660
8657
8658
8659
8656
8654
8655
8670
8671
8665
8667
8666
8668
8669
8696
8695
8694
8693
8843
8846
8844
8845
8838
8841
8840
8842
8839
8751
8752
8743
8746
8747
8745
8744
8749
8748
8750
8837
8768
8769
8767
8766
8764
8763
8761
8762
8765
8760
8819
8820
8826
8827
8825
8824
8823
8821
8822
8814
8815
8813
8816
8817
8818
8772
8773
8774
8775
8771
8770
8783
8781
8782
8779
8780
8778
8777
8776
8784
8785
8786
8794
8788
8789
8787
8793
8792
8791
8790
8799
8802
8803
8804
8800
8801
8798
8797
8796
8795
8808
8812
8810
8811
8809
8805
8806
8807
8828
8829
8830
8757
8758
8756
8755
8754
8753
8759
8831
8832
8836
8834
8835
8833
8714
8715
8716
8711
8713
8712
8701
8702
8703
8708
8709
8704
8706
8707
8705
8700
8710
8697
8698
8699
8723
8724
8721
8722
8720
8718
8719
8725
8726
8727
8728
8729
8741
8742
8740
8731
8732
8733
8734
8735
8736
8737
8738
8739
8730
8717
8683
8685
8684
8686
8687
8689
8688
8690
8692
8691
8675
8674
8682
8678
8679
8680
8681
8677
8676
9029
9030
9031
9032
9033
8884
8883
8882
8890
8886
8887
8885
8888
8889
8978
8977
8985
8982
8983
8984
8980
8981
8979
8891
8956
8955
8957
8958
8959
8960
8961
8962
8965
8966
8967
8968
8969
8963
8964
8910
8909
8902
8903
8901
8904
8905
8906
8907
8908
8915
8913
8914
8912
8911
8954
8950
8951
8952
8953
8942
8944
8943
8946
8945
8947
8948
8949
8941
8940
8933
8938
8937
8939
8934
8935
8936
8928
8926
8927
8925
8924
8929
8930
8931
8932
8920
8916
8918
8917
8919
8923
8922
8921
8900
8898
8899
8897
8972
8971
8973
8974
8975
8976
8970
8896
8895
8892
8893
8894
9012
9011
9010
9016
9013
9014
9015
9025
9026
9024
9020
9021
9022
9017
9018
9019
9023
9028
9027
9001
9002
9000
9003
9004
9006
9007
9008
9005
8999
8997
8998
8996
8994
8995
8986
8992
8991
8990
8988
8989
8987
8993
9009
9045
9042
9043
9044
9041
9040
9038
9039
9034
9035
9036
9037
9051
9052
9053
9048
9047
9046
9049
9050
9084
9081
9082
9083
9080
9240
9241
9242
9243
9234
9238
9237
9239
9236
9235
9148
9149
9141
9143
9144
9142
9146
9145
9147
9233
9168
9169
9170
9171
9172
9167
9166
9165
9161
9160
9159
9157
9158
9163
9164
9162
9214
9215
9220
9221
9219
9222
9223
9218
9216
9217
9210
9211
9212
9213
9173
9174
9183
9181
9182
9178
9179
9180
9177
9176
9175
9184
9185
9186
9187
9195
9189
9190
9191
9188
9194
9193
9192
9200
9201
9202
9199
9198
9196
9197
9206
9208
9209
9207
9203
9204
9205
9224
9225
9154
9155
9153
9152
9151
9150
9156
9226
9227
9228
9229
9232
9231
9230
9106
9107
9100
9102
9103
9104
9105
9101
9088
9087
9089
9095
9092
9093
9094
9091
9099
9097
9098
9096
9090
9085
9086
9116
9115
9117
9114
9113
9110
9111
9109
9112
9118
9119
9121
9122
9120
9123
9124
9128
9129
9130
9131
9132
9133
9134
9135
9136
9137
9138
9139
9140
9125
9126
9127
9108
9064
9068
9065
9066
9067
9069
9070
9071
9072
9073
9079
9077
9078
9075
9076
9074
9058
9057
9056
9061
9062
9063
9060
9059
9421
9424
9423
9422
9425
9288
9287
9285
9286
9284
9294
9290
9291
9289
9292
9293
9367
9366
9374
9372
9373
9369
9370
9371
9368
9350
9351
9352
9349
9348
9347
9353
9354
9356
9357
9358
9359
9355
9308
9307
9304
9303
9305
9306
9312
9311
9310
9309
9345
9346
9344
9337
9338
9339
9341
9340
9342
9343
9336
9335
9334
9328
9332
9333
9329
9330
9331
9323
9324
9322
9321
9325
9326
9327
9317
9314
9315
9313
9316
9320
9319
9318
9302
9301
9361
9362
9360
9363
9364
9365
9300
9299
9298
9295
9296
9297
9403
9404
9402
9407
9406
9405
9419
9420
9418
9411
9414
9415
9416
9413
9412
9417
9408
9410
9409
9392
9393
9391
9394
9395
9399
9400
9396
9397
9398
9390
9389
9388
9387
9383
9382
9381
9378
9379
9380
9377
9376
9375
9385
9386
9384
9401
9434
9436
9435
9433
9432
9431
9429
9430
9426
9427
9428
9442
9443
9444
9445
9438
9439
9437
9440
9441
9474
9471
9472
9473
9470
9604
9605
9606
9608
9607
9609
9597
9601
9602
9600
9603
9599
9598
9528
9529
9530
9523
9522
9526
9525
9524
9527
9545
9546
9543
9544
9541
9540
9539
9542
9579
9580
9581
9586
9587
9588
9589
9590
9584
9585
9582
9583
9576
9577
9578
9547
9548
9554
9553
9551
9552
9550
9549
9555
9556
9557
9562
9559
9558
9561
9560
9566
9567
9568
9565
9564
9563
9570
9571
9574
9573
9575
9572
9569
9591
9537
9538
9536
9535
9531
9532
9533
9534
9592
9593
9594
9596
9595
9487
9486
9488
9483
9484
9485
9476
9477
9478
9479
9475
9482
9480
9481
9499
9498
9500
9496
9497
9495
9492
9491
9494
9493
9501
9502
9503
9504
9505
9510
9511
9512
9513
9518
9519
9516
9517
9514
9515
9520
9521
9507
9506
9508
9509
9489
9490
9460
9458
9459
9461
9462
9463
9467
9468
9469
9466
9464
9465
9451
9450
9449
9448
9455
9456
9457
9454
9452
9453
9775
9776
9777
9778
9779
9656
9655
9654
9652
9653
9651
9663
9659
9658
9660
9657
9661
9662
9731
9730
9729
9735
9733
9734
9732
9714
9715
9717
9718
9716
9685
9684
9683
9672
9671
9670
9669
9676
9677
9673
9674
9675
9681
9682
9678
9679
9680
9689
9687
9688
9686
9713
9712
9707
9708
9710
9709
9711
9705
9706
9704
9699
9701
9702
9703
9700
9696
9695
9694
9697
9698
9692
9690
9691
9693
9668
9720
9721
9719
9722
9725
9726
9727
9728
9724
9723
9667
9666
9665
9664
9766
9765
9768
9767
9774
9773
9772
9771
9769
9770
9755
9756
9758
9757
9759
9760
9763
9761
9762
9754
9752
9753
9751
9750
9746
9745
9744
9740
9738
9739
9741
9743
9742
9737
9736
9748
9749
9747
9764
9788
9787
9786
9785
9780
9781
9782
9783
9784
9800
9801
9802
9791
9792
9790
9789
9793
9794
9795
9796
9799
9797
9798
9832
9830
9831
9829
9828
9827
9960
9961
9962
9955
9957
9958
9956
9959
9882
9883
9879
9881
9880
9898
9897
9894
9893
9895
9896
9930
9931
9932
9933
9944
9945
9946
9947
9948
9949
9937
9938
9942
9943
9940
9941
9939
9934
9936
9935
9925
9926
9928
9927
9929
9899
9900
9901
9906
9905
9903
9904
9902
9908
9909
9907
9914
9912
9911
9910
9913
9917
9918
9919
9920
9921
9916
9915
9923
9924
9922
9950
9892
9891
9885
9884
9886
9887
9888
9889
9890
9951
9952
9953
9954
9846
9847
9848
9849
9842
9843
9844
9845
9833
9834
9835
9836
9839
9840
9841
9837
9838
9861
9860
9858
9859
9854
9855
9856
9857
9851
9853
9852
9862
9864
9863
9865
9866
9869
9870
9871
9875
9877
9876
9874
9872
9873
9878
9867
9868
9850
9819
9820
9821
9822
9824
9825
9826
9823
9805
9804
9803
9814
9815
9816
9817
9818
9813
9812
9811
9810
9806
9807
9809
9808
10122
10123
10124
10125
10002
10001
9999
10000
10008
10005
10004
10006
10007
10003
10074
10073
10077
10075
10076
10060
10061
10062
10063
10031
10032
10029
10030
10028
10018
10017
10016
10015
10014
10024
10019
10022
10020
10021
10023
10027
10025
10026
10038
10036
10037
10035
10033
10034
10059
10053
10054
10055
10056
10057
10058
10051
10050
10052
10046
10048
10049
10047
10043
10042
10041
10044
10045
10039
10040
10013
10064
10068
10069
10070
10071
10072
10067
10066
10065
10012
10011
10010
10009
10109
10108
10114
10113
10112
10110
10111
10120
10121
10118
10119
10117
10116
10115
10095
10096
10097
10098
10099
10102
10103
10104
10100
10101
10105
10106
10094
10092
10093
10091
10090
10086
10085
10084
10080
10079
10081
10083
10082
10078
10089
10087
10088
10107
10134
10133
10132
10130
10128
10129
10126
10127
10131
10152
10153
10154
10155
10156
10141
10138
10139
10140
10136
10137
10135
10142
10143
10144
10145
10146
10147
10151
10150
10148
10149
10194
10192
10193
10191
10310
10311
10312
10301
10304
10305
10306
10307
10308
10303
10302
10309
10238
10239
10235
10236
10237
10251
10250
10282
10284
10283
10292
10293
10294
10295
10286
10289
10291
10290
10287
10288
10285
10276
10277
10278
10281
10279
10280
10252
10262
10257
10258
10259
10260
10261
10256
10255
10253
10254
10264
10265
10263
10269
10267
10266
10268
10272
10273
10271
10270
10275
10274
10296
10249
10245
10243
10244
10242
10241
10240
10246
10247
10248
10297
10298
10299
10300
10205
10200
10201
10202
10203
10204
10196
10195
10198
10197
10199
10221
10222
10220
10218
10219
10217
10214
10208
10209
10210
10211
10212
10213
10216
10215
10207
10223
10224
10225
10226
10228
10229
10231
10232
10230
10233
10234
10227
10206
10182
10183
10185
10188
10186
10187
10190
10189
10184
10160
10159
10158
10157
10174
10176
10175
10177
10178
10179
10180
10181
10172
10173
10171
10170
10168
10169
10167
10161
10162
10165
10166
10163
10164
10459
10460
10461
10462
10346
10357
10354
10353
10350
10351
10352
10349
10355
10356
10347
10348
10412
10411
10415
10414
10413
10399
10400
10377
10375
10376
10368
10367
10366
10365
10374
10370
10369
10372
10373
10371
10381
10380
10378
10379
10398
10393
10395
10394
10396
10397
10392
10391
10389
10390
10386
10385
10387
10388
10382
10383
10384
10363
10364
10401
10402
10405
10406
10407
10408
10409
10410
10404
10403
10362
10361
10359
10360
10358
10447
10451
10452
10450
10449
10448
10456
10457
10458
10453
10454
10455
10435
10436
10437
10438
10441
10444
10443
10442
10439
10440
10445
10433
10434
10432
10431
10428
10429
10430
10422
10423
10421
10419
10420
10417
10418
10416
10424
10425
10426
10427
10446
10471
10470
10468
10465
10467
10466
10463
10464
10469
10496
10497
10498
10499
10482
10480
10481
10479
10475
10476
10477
10478
10474
10473
10472
10484
10483
10485
10487
10486
10495
10493
10494
10488
10489
10491
10492
10490
10538
10537
10536
10535
10676
10666
10668
10670
10669
10671
10672
10673
10667
10675
10674
10601
10602
10592
10593
10594
10595
10596
10597
10598
10599
10600
10612
10611
10643
10645
10644
10651
10652
10653
10654
10655
10646
10649
10650
10647
10648
10638
10639
10641
10642
10640
10620
10618
10619
10615
10616
10617
10613
10614
10621
10622
10623
10624
10625
10626
10628
10627
10633
10634
10635
10632
10629
10630
10631
10637
10636
10656
10607
10606
10604
10605
10603
10608
10609
10610
10657
10658
10659
10662
10663
10664
10660
10661
10665
10553
10547
10546
10548
10549
10550
10551
10552
10541
10540
10539
10543
10544
10545
10542
10564
10563
10562
10558
10559
10554
10555
10556
10557
10561
10560
10566
10567
10565
10568
10569
10572
10570
10571
10582
10583
10584
10580
10581
10585
10588
10586
10587
10590
10589
10591
10579
10578
10576
10577
10573
10574
10575
10528
10529
10531
10533
10532
10534
10530
10502
10501
10500
10516
10518
10517
10519
10526
10520
10521
10522
10523
10524
10525
10527
10513
10514
10515
10511
10512
10503
10505
10506
10504
10509
10510
10508
10507
10875
10876
10877
10878
10728
10743
10740
10741
10742
10737
10738
10739
10733
10734
10735
10736
10732
10731
10729
10730
10812
10810
10811
10823
10820
10821
10822
10817
10818
10819
10815
10816
10814
10813
10798
10799
10800
10764
10762
10763
10757
10756
10755
10761
10759
10758
10760
10769
10768
10766
10765
10767
10793
10791
10792
10794
10796
10797
10795
10790
10789
10787
10788
10786
10784
10785
10775
10776
10777
10773
10774
10772
10778
10779
10780
10783
10782
10781
10770
10771
10754
10805
10806
10807
10808
10809
10804
10802
10803
10801
10753
10752
10749
10750
10748
10745
10746
10747
10751
10744
10864
10869
10868
10865
10866
10867
10872
10873
10874
10870
10871
10852
10853
10854
10858
10857
10862
10863
10861
10859
10860
10855
10856
10850
10851
10849
10848
10846
10847
10836
10837
10833
10834
10835
10838
10839
10840
10832
10828
10831
10829
10830
10825
10826
10827
10824
10841
10842
10843
10845
10844
10884
10883
10882
10880
10881
10879
10914
10915
10901
10897
10898
10899
10900
10892
10893
10894
10895
10896
10886
10891
10890
10888
10889
10887
10885
10904
10903
10902
10905
10906
10912
10911
10913
10908
10909
10907
10910
10956
10954
10955
10953
11086
11074
11077
11078
11075
11076
11081
11080
11079
11084
11083
11082
11085
11009
11000
11001
10999
11003
11002
11005
11006
11004
11007
11008
11048
11050
11051
11049
11057
11058
11059
11060
11052
11053
11055
11056
11054
11044
11045
11046
11047
11025
11027
11026
11024
11022
11023
11028
11029
11031
11030
11034
11032
11033
11039
11040
11041
11038
11035
11036
11037
11043
11042
11061
11015
11011
11012
11013
11014
11010
11016
11018
11019
11017
11020
11021
11062
11063
11065
11066
11067
11070
11071
11072
11069
11068
11064
11073
10963
10962
10960
10958
10959
10957
10961
10976
10974
10975
10968
10969
10965
10964
10966
10967
10973
10970
10971
10972
10977
10978
10980
10979
10990
10991
10993
10992
10988
10989
10987
10986
10994
10995
10997
10996
10998
10985
10983
10984
10982
10981
10946
10947
10948
10950
10951
10949
10952
10917
10916
10929
10931
10930
10938
10933
10934
10935
10936
10937
10932
10939
10940
10941
10942
10943
10944
10945
10927
10928
10926
10925
10919
10918
10924
10923
10920
10921
10922
11269
11270
11271
11141
11153
11149
11150
11148
11152
11151
11146
11147
11143
11144
11145
11142
11218
11225
11223
11224
11222
11219
11220
11221
11175
11173
11174
11168
11167
11166
11165
11172
11170
11169
11171
11181
11178
11179
11180
11177
11176
11201
11202
11199
11200
11203
11204
11206
11205
11198
11197
11196
11194
11195
11186
11185
11187
11190
11191
11192
11193
11189
11188
11182
11183
11184
11216
11215
11212
11213
11214
11217
11211
11209
11210
11208
11207
11164
11163
11161
11159
11160
11158
11156
11157
11162
11154
11155
11263
11264
11266
11267
11268
11265
11254
11260
11261
11262
11259
11258
11255
11257
11256
11252
11253
11251
11250
11237
11236
11232
11233
11234
11235
11238
11239
11229
11230
11231
11228
11227
11226
11241
11242
11243
11244
11245
11246
11247
11240
11248
11249
11276
11275
11273
11274
11272
11307
11308
11309
11296
11294
11295
11287
11292
11293
11290
11291
11289
11288
11286
11280
11281
11282
11283
11284
11285
11278
11279
11277
11297
11302
11303
11304
11305
11306
11298
11299
11301
11300
11351
11350
11348
11349
11478
11465
11469
11468
11470
11471
11466
11467
11472
11477
11476
11473
11474
11475
11399
11391
11393
11392
11394
11396
11397
11398
11395
11447
11451
11452
11453
11454
11448
11449
11450
11443
11445
11444
11446
11420
11419
11424
11425
11421
11422
11423
11418
11416
11417
11414
11415
11426
11427
11428
11429
11431
11432
11430
11437
11438
11436
11434
11433
11435
11441
11442
11440
11439
11401
11402
11405
11404
11403
11400
11406
11408
11409
11407
11410
11411
11412
11413
11455
11456
11458
11460
11459
11461
11463
11462
11457
11464
11359
11357
11358
11354
11353
11352
11355
11356
11369
11363
11361
11362
11360
11364
11365
11368
11366
11367
11370
11371
11382
11383
11386
11385
11384
11380
11381
11387
11388
11389
11390
11378
11379
11376
11377
11375
11374
11373
11372
11342
11343
11345
11346
11344
11347
11311
11310
11320
11321
11322
11323
11319
11333
11326
11324
11325
11328
11329
11327
11330
11331
11332
11334
11339
11337
11338
11336
11335
11340
11341
11318
11314
11313
11312
11317
11315
11316
11674
11540
11552
11547
11548
11549
11546
11545
11551
11550
11544
11541
11542
11543
11623
11633
11631
11632
11630
11627
11625
11626
11624
11628
11629
11575
11576
11570
11569
11568
11566
11567
11573
11574
11572
11571
11582
11580
11581
11577
11578
11579
11611
11606
11602
11603
11604
11605
11610
11609
11607
11608
11613
11612
11615
11614
11600
11601
11599
11597
11598
11595
11594
11596
11589
11588
11590
11592
11593
11591
11583
11584
11585
11586
11587
11620
11621
11619
11618
11622
11617
11616
11565
11564
11560
11561
11562
11557
11558
11559
11556
11554
11555
11563
11553
11666
11667
11669
11668
11672
11673
11671
11670
11656
11661
11663
11662
11664
11665
11660
11657
11659
11658
11655
11642
11641
11638
11639
11640
11644
11643
11637
11636
11635
11634
11646
11645
11647
11648
11649
11650
11651
11652
11653
11654
11679
11678
11677
11676
11675
11714
11701
11699
11700
11689
11690
11698
11696
11695
11697
11694
11691
11692
11693
11688
11682
11683
11684
11685
11686
11687
11681
11680
11702
11703
11704
11707
11708
11709
11710
11711
11712
11713
11705
11706
11744
11865
11855
11860
11859
11858
11861
11862
11856
11857
11863
11864
11790
11783
11785
11784
11786
11788
11789
11787
11835
11839
11840
11842
11843
11841
11836
11837
11838
11828
11829
11831
11830
11834
11833
11832
11801
11807
11808
11810
11809
11802
11803
11805
11806
11804
11799
11800
11797
11798
11811
11812
11813
11814
11815
11816
11821
11822
11823
11820
11817
11818
11819
11827
11826
11825
11824
11793
11792
11794
11795
11791
11796
11844
11845
11848
11847
11850
11849
11851
11853
11852
11846
11854
11751
11749
11750
11746
11745
11747
11748
11759
11760
11753
11752
11754
11757
11758
11755
11756
11761
11762
11772
11773
11776
11777
11774
11775
11771
11778
11779
11780
11781
11782
11768
11769
11770
11767
11766
11765
11763
11764
11741
11742
11743
11715
11721
11723
11724
11722
11732
11726
11727
11725
11728
11730
11731
11729
11733
11734
11735
11738
11737
11736
11739
11740
11720
11719
11717
11716
11718
12048
11929
11940
11934
11935
11936
11937
11933
11932
11939
11938
11931
11930
12003
12010
12008
12009
12007
12004
12005
12006
11958
11954
11953
11952
11951
11957
11956
11955
11966
11965
11962
11963
11964
11959
11960
11961
11993
11989
11990
11988
11986
11987
11991
11992
11994
11996
11995
11983
11984
11985
11981
11982
11979
11980
11978
11977
11976
11973
11971
11972
11970
11974
11975
11967
11968
11969
11999
12000
11998
12001
12002
11997
11950
11949
11946
11947
11944
11945
11942
11943
11941
11948
12042
12044
12043
12046
12047
12045
12035
12034
12040
12041
12036
12037
12038
12039
12032
12033
12027
12028
12029
12030
12031
12020
12019
12016
12015
12018
12017
12014
12013
12012
12011
12022
12021
12023
12024
12026
12025
12051
12050
12049
12077
12078
12070
12071
12068
12069
12061
12066
12065
12067
12063
12062
12064
12059
12060
12056
12057
12058
12053
12054
12055
12052
12072
12073
12075
12076
12074
12102
12228
12217
12223
12222
12221
12220
12224
12225
12218
12219
12226
12227
12148
12144
12145
12146
12147
12198
12204
12205
12206
12207
12199
12200
12201
12202
12203
12191
12194
12193
12192
12196
12197
12195
12158
12161
12160
12162
12164
12163
12159
12157
12155
12156
12167
12168
12166
12165
12169
12172
12170
12171
12173
12174
12175
12176
12177
12183
12184
12185
12186
12187
12182
12178
12179
12180
12181
12189
12190
12188
12152
12151
12153
12150
12149
12154
12208
12209
12211
12210
12213
12212
12214
12215
12216
12109
12107
12108
12104
12105
12103
12106
12116
12117
12111
12112
12110
12114
12115
12113
12119
12120
12121
12122
12123
12124
12118
12126
12127
12125
12135
12136
12139
12137
12138
12140
12141
12142
12143
12132
12133
12134
12131
12129
12130
12128
12100
12101
12080
12079
12085
12087
12088
12086
12095
12090
12091
12092
12089
12094
12093
12096
12097
12098
12099
12084
12083
12081
12082
12396
12277
12286
12282
12283
12279
12280
12281
12278
12285
12284
12350
12357
12356
12352
12353
12354
12355
12351
12306
12307
12299
12298
12296
12297
12295
12305
12304
12303
12301
12302
12300
12311
12310
12309
12308
12336
12337
12333
12334
12332
12335
12338
12341
12342
12339
12340
12329
12330
12331
12328
12326
12327
12325
12324
12319
12317
12318
12316
12315
12320
12323
12322
12321
12313
12312
12314
12346
12347
12344
12345
12348
12349
12343
12294
12293
12290
12291
12292
12288
12289
12287
12391
12390
12394
12393
12395
12392
12379
12386
12384
12385
12387
12388
12389
12381
12382
12380
12383
12378
12374
12375
12376
12377
12373
12372
12368
12369
12370
12367
12371
12364
12363
12361
12362
12360
12359
12358
12365
12366
12398
12397
12421
12422
12417
12418
12414
12415
12413
12416
12402
12411
12410
12409
12412
12403
12404
12405
12406
12407
12408
12401
12400
12399
12419
12420
12445
12550
12543
12545
12547
12546
12548
12549
12544
12484
12478
12479
12482
12481
12480
12483
12526
12525
12533
12534
12535
12536
12527
12528
12529
12530
12531
12532
12521
12522
12523
12524
12494
12493
12496
12495
12492
12490
12489
12491
12501
12498
12499
12500
12497
12502
12505
12503
12504
12506
12507
12512
12514
12513
12515
12516
12511
12508
12509
12510
12518
12519
12520
12517
12487
12486
12485
12488
12537
12540
12539
12538
12541
12542
12449
12450
12451
12447
12446
12448
12454
12453
12452
12456
12455
12457
12460
12459
12458
12461
12468
12465
12466
12467
12464
12462
12463
12472
12473
12474
12475
12476
12477
12471
12469
12470
12443
12444
12425
12423
12424
12428
12431
12430
12432
12429
12439
12433
12434
12435
12438
12437
12436
12440
12441
12442
12427
12426
12713
12714
12604
12613
12614
12610
12611
12608
12609
12606
12607
12605
12612
12666
12672
12673
12668
12669
12670
12671
12667
12628
12629
12630
12621
12620
12619
12627
12625
12626
12624
12623
12622
12634
12633
12632
12631
12658
12656
12657
12660
12661
12659
12653
12652
12654
12655
12651
12649
12650
12648
12647
12642
12640
12641
12639
12638
12643
12646
12644
12645
12636
12635
12637
12663
12664
12665
12662
12618
12617
12615
12616
12707
12708
12706
12704
12705
12710
12711
12712
12709
12699
12700
12701
12702
12703
12697
12698
12696
12694
12695
12683
12689
12690
12685
12686
12687
12688
12684
12691
12693
12692
12679
12680
12678
12677
12676
12675
12674
12681
12682
12716
12715
12731
12732
12725
12726
12727
12724
12728
12718
12719
12722
12723
12721
12720
12717
12729
12730
12857
12858
12859
12847
12846
12850
12849
12851
12853
12852
12854
12855
12856
12848
12793
12786
12785
12790
12791
12789
12787
12788
12792
12832
12838
12839
12840
12833
12834
12835
12836
12837
12828
12829
12830
12831
12802
12805
12803
12804
12800
12799
12801
12810
12808
12809
12806
12807
12811
12813
12812
12814
12815
12819
12820
12822
12821
12823
12824
12825
12818
12816
12817
12826
12827
12796
12797
12795
12794
12798
12841
12842
12844
12845
12843
12751
12752
12753
12749
12748
12750
12757
12756
12754
12755
12759
12758
12760
12762
12761
12774
12768
12766
12767
12771
12769
12770
12772
12773
12765
12763
12764
12779
12778
12780
12781
12782
12783
12784
12776
12777
12775
12746
12747
12736
12735
12737
12734
12743
12744
12742
12739
12738
12740
12741
12745
12733
12916
12915
12926
12927
12923
12924
12922
12921
12920
12918
12919
12917
12925
12981
12988
12989
12984
12983
12985
12987
12986
12982
12939
12934
12933
12932
12938
12937
12936
12935
12943
12942
12940
12941
12969
12970
12971
12967
12968
12972
12973
12961
12963
12962
12965
12966
12964
12959
12960
12958
12957
12953
12951
12952
12950
12949
12947
12948
12954
12956
12955
12946
12944
12945
12978
12977
12979
12980
12974
12975
12976
12931
12930
12928
12929
13026
13025
13023
13024
13028
13029
13027
13019
13020
13022
13021
13016
13017
13018
13013
13014
13015
13010
13011
13012
12999
13000
13007
13006
13002
13004
13005
13003
13001
13009
13008
12995
12996
12994
12993
12992
12991
12990
12997
12998
13031
13030
13038
13039
13037
13040
13032
13034
13035
13036
13033
13041
13161
13162
13153
13155
13156
13157
13158
13159
13160
13154
13101
13095
13094
13099
13098
13096
13097
13100
13142
13147
13148
13149
13143
13144
13145
13146
13139
13141
13140
13112
13110
13111
13115
13113
13114
13109
13107
13108
13120
13117
13116
13118
13119
13121
13122
13123
13124
13125
13131
13129
13130
13132
13133
13135
13136
13134
13128
13126
13127
13137
13138
13104
13103
13102
13106
13105
13150
13151
13152
13058
13059
13060
13056
13057
13055
13062
13061
13065
13064
13063
13068
13066
13067
13069
13070
13083
13081
13082
13075
13076
13078
13079
13077
13080
13071
13072
13073
13074
13088
13086
13087
13089
13090
13091
13092
13093
13085
13084
13053
13054
13048
13044
13045
13046
13047
13043
13051
13050
13049
13052
13042
13212
13211
13222
13219
13220
13218
13217
13216
13215
13213
13214
13221
13272
13277
13278
13274
13275
13276
13273
13236
13230
13231
13229
13228
13235
13234
13233
13232
13240
13237
13238
13239
13263
13264
13261
13262
13265
13266
13255
13258
13259
13260
13257
13256
13254
13253
13252
13251
13247
13246
13245
13243
13244
13248
13250
13249
13242
13241
13269
13270
13271
13267
13268
13225
13226
13227
13224
13223
13306
13305
13303
13304
13308
13309
13307
13310
13300
13301
13302
13298
13299
13297
13290
13289
13295
13294
13292
13293
13291
13296
13284
13286
13285
13283
13282
13281
13279
13280
13287
13288
13313
13311
13312
13318
13319
13320
13321
13315
13316
13317
13314
13430
13431
13422
13425
13424
13426
13427
13428
13429
13423
13372
13365
13364
13368
13367
13366
13369
13370
13371
13410
13416
13415
13417
13418
13411
13412
13413
13414
13406
13409
13408
13407
13383
13384
13382
13387
13385
13386
13381
13380
13390
13389
13388
13391
13392
13393
13394
13395
13399
13400
13401
13402
13404
13403
13398
13396
13397
13405
13375
13376
13374
13373
13378
13379
13377
13419
13420
13421
13336
13337
13338
13340
13339
13334
13333
13335
13332
13342
13341
13346
13343
13344
13345
13347
13353
13354
13351
13349
13350
13352
13348
13359
13357
13358
13360
13361
13362
13363
13356
13355
13329
13331
13330
13324
13323
13322
13327
13326
13325
13328
13480
13478
13479
13490
13487
13488
13485
13486
13484
13482
13483
13481
13489
13539
13540
13547
13548
13544
13545
13546
13543
13542
13541
13502
13496
13497
13498
13495
13494
13501
13500
13499
13505
13503
13504
13528
13527
13522
13525
13526
13523
13524
13529
13530
13531
13521
13520
13518
13519
13517
13513
13511
13512
13510
13507
13508
13509
13514
13516
13515
13506
13535
13536
13537
13538
13532
13533
13534
13493
13492
13491
13578
13577
13576
13574
13575
13580
13581
13579
13582
13572
13573
13566
13567
13571
13569
13570
13568
13565
13559
13557
13558
13562
13561
13560
13563
13564
13553
13554
13552
13551
13549
13550
13555
13556
13586
13587
13583
13584
13585
13590
13591
13592
13593
13589
13588
13699
13700
13691
13694
13693
13696
13695
13697
13698
13692
13648
13647
13639
13638
13644
13640
13641
13642
13643
13645
13646
13681
13686
13685
13687
13688
13682
13683
13684
13678
13680
13679
13656
13657
13661
13659
13658
13660
13655
13654
13653
13662
13663
13664
13665
13666
13667
13671
13672
13673
13676
13675
13674
13670
13668
13669
13677
13650
13649
13651
13652
13689
13690
13608
13609
13610
13612
13611
13606
13605
13607
13604
13614
13613
13617
13618
13616
13615
13619
13625
13628
13626
13627
13622
13623
13624
13621
13620
13631
13630
13632
13633
13635
13636
13637
13634
13629
13602
13601
13603
13597
13596
13595
13594
13598
13599
13600
13742
13741
13749
13746
13747
13745
13744
13743
13748
13787
13788
13792
13789
13791
13790
13760
13753
13754
13752
13751
13758
13759
13756
13757
13755
13761
13762
13763
13780
13781
13775
13776
13778
13779
13777
13782
13783
13784
13774
13773
13772
13771
13768
13767
13765
13766
13769
13770
13764
13786
13785
13750
13822
13821
13820
13819
13825
13826
13823
13824
13827
13816
13817
13818
13811
13810
13812
13813
13814
13815
13809
13803
13800
13801
13802
13807
13805
13806
13804
13808
13797
13798
13796
13795
13793
13794
13799
13828
13829
13833
13834
13835
13832
13831
13830
13928
13929
13922
13925
13924
13926
13927
13923
13884
13883
13878
13881
13882
13879
13880
13911
13918
13917
13919
13920
13913
13914
13912
13915
13916
13910
13909
13907
13908
13891
13895
13894
13892
13893
13890
13889
13888
13896
13897
13898
13899
13902
13903
13904
13901
13900
13905
13906
13885
13886
13887
13921
13850
13851
13847
13846
13849
13848
13845
13853
13852
13857
13858
13856
13855
13854
13859
13865
13868
13867
13866
13861
13862
13863
13864
13860
13871
13872
13870
13873
13874
13877
13875
13876
13869
13844
13842
13843
13838
13839
13837
13836
13840
13841
13981
13980
13987
13984
13985
13983
13982
13986
14022
14026
14023
14024
14025
14000
13991
13992
13993
13994
13990
13998
13999
13996
13997
13995
14001
14002
14017
14011
14012
14014
14015
14016
14013
14018
14019
14010
14007
14006
14005
14008
14009
14004
14003
14021
14020
13988
13989
14056
14057
14058
14059
14055
14062
14060
14061
14063
14054
14050
14051
14049
14052
14053
14047
14048
14040
14038
14039
14045
14044
14042
14043
14041
14046
14035
14034
14036
14032
14033
14030
14031
14029
14027
14028
14037
14064
14065
14068
14067
14069
14070
14066
14167
14168
14160
14163
14162
14164
14165
14166
14161
14115
14118
14117
14116
14147
14156
14153
14154
14155
14157
14149
14148
14151
14150
14152
14146
14127
14133
14132
14130
14129
14128
14131
14123
14124
14125
14126
14134
14135
14139
14140
14141
14142
14137
14138
14136
14143
14144
14145
14119
14120
14121
14122
14159
14158
14083
14084
14082
14081
14085
14078
14080
14079
14077
14086
14090
14089
14091
14088
14087
14093
14094
14092
14103
14105
14104
14096
14097
14098
14099
14100
14101
14102
14095
14108
14107
14109
14110
14111
14113
14114
14112
14106
14076
14075
14071
14072
14073
14074
14210
14217
14213
14214
14215
14212
14211
14216
14259
14257
14258
14230
14231
14222
14224
14223
14221
14228
14229
14226
14227
14225
14232
14251
14244
14245
14247
14248
14249
14250
14246
14254
14253
14252
14243
14242
14239
14238
14236
14237
14235
14241
14240
14234
14233
14256
14255
14218
14219
14220
14291
14292
14290
14295
14293
14294
14296
14289
14284
14285
14286
14283
14287
14288
14271
14267
14268
14269
14270
14280
14281
14279
14276
14277
14278
14274
14275
14273
14272
14282
14265
14264
14263
14261
14260
14262
14266
14297
14298
14303
14302
14300
14301
14299
14397
14388
14389
14394
14393
14395
14396
14390
14391
14392
14342
14343
14372
14382
14383
14380
14381
14384
14375
14373
14374
14377
14378
14376
14379
14368
14369
14370
14371
14348
14353
14354
14352
14350
14349
14351
14345
14346
14347
14355
14358
14359
14360
14361
14362
14363
14356
14357
14364
14365
14366
14367
14344
14387
14386
14385
14314
14311
14313
14312
14310
14315
14316
14317
14334
14333
14332
14331
14320
14321
14319
14322
14324
14325
14326
14323
14328
14327
14329
14330
14318
14336
14337
14338
14340
14341
14339
14335
14309
14308
14304
14305
14306
14307
14433
14442
14441
14436
14437
14435
14434
14440
14439
14438
14488
14487
14459
14449
14450
14452
14451
14448
14457
14458
14456
14454
14455
14453
14462
14463
14460
14461
14482
14476
14477
14480
14481
14478
14479
14485
14483
14484
14475
14472
14471
14470
14469
14468
14474
14473
14467
14465
14466
14464
14486
14443
14444
14445
14446
14447
14512
14513
14516
14514
14515
14517
14518
14511
14509
14510
14508
14497
14498
14505
14503
14504
14506
14502
14500
14501
14499
14507
14494
14492
14493
14491
14490
14489
14495
14496
14519
14520
14523
14522
14521
14614
14604
14605
14609
14610
14611
14612
14613
14606
14607
14608
14565
14566
14591
14599
14597
14598
14600
14593
14592
14594
14595
14596
14588
14589
14590
14571
14576
14575
14573
14572
14574
14568
14570
14569
14577
14579
14580
14581
14578
14582
14583
14584
14585
14586
14587
14567
14603
14602
14601
14535
14534
14531
14533
14532
14529
14530
14536
14537
14538
14539
14540
14553
14554
14552
14542
14545
14543
14544
14546
14550
14551
14547
14548
14549
14541
14557
14558
14560
14559
14561
14562
14563
14564
14556
14555
14528
14527
14524
14525
14526
14655
14664
14663
14659
14658
14657
14656
14662
14661
14660
14705
14704
14675
14670
14669
14668
14674
14673
14672
14671
14678
14676
14677
14697
14698
14699
14691
14692
14693
14696
14694
14695
14702
14700
14701
14690
14687
14688
14689
14686
14684
14685
14683
14682
14681
14680
14679
14703
14665
14666
14667
14736
14737
14742
14738
14739
14740
14741
14743
14744
14735
14734
14733
14732
14731
14715
14716
14717
14725
14726
14727
14728
14722
14723
14724
14719
14718
14721
14720
14729
14730
14712
14710
14711
14709
14708
14707
14706
14713
14714
14745
14746
14747
14750
14749
14748
14843
14844
14835
14836
14840
14841
14842
14837
14838
14839
14795
14796
14822
14827
14828
14829
14823
14824
14825
14826
14819
14821
14820
14803
14802
14801
14806
14805
14804
14798
14800
14799
14807
14808
14810
14809
14811
14813
14812
14814
14815
14816
14817
14818
14797
14834
14831
14832
14833
14830
14767
14766
14759
14760
14761
14764
14765
14763
14762
14757
14758
14768
14769
14770
14771
14772
14783
14784
14785
14777
14775
14776
14774
14779
14778
14780
14781
14782
14773
14788
14790
14789
14791
14792
14793
14794
14787
14786
14756
14754
14755
14751
14752
14753
14883
14891
14892
14890
14886
14885
14884
14888
14889
14887
14930
14929
14907
14898
14897
14896
14906
14900
14901
14902
14903
14904
14905
14899
14922
14923
14919
14920
14921
14925
14924
14918
14917
14916
14912
14913
14914
14915
14911
14910
14909
14908
14926
14927
14928
14893
14894
14895
14955
14956
14960
14957
14958
14959
14962
14961
14954
14953
14952
14951
14941
14937
14938
14939
14940
14947
14945
14946
14944
14942
14943
14948
14949
14950
14934
14933
14932
14931
14935
14936
14963
14966
14965
14964
15051
15045
15046
15048
15049
15050
15047
15006
15007
15008
15031
15039
15040
15041
15032
15037
15035
15036
15033
15034
15038
15016
15015
15018
15017
15013
15014
15019
15020
15021
15022
15025
15024
15023
15026
15027
15028
15029
15030
15012
15010
15011
15009
15044
15043
15042
14978
14979
14977
14974
14976
14975
14972
14973
14980
14981
14982
14988
14989
14990
14993
14994
14995
14996
14992
14991
14985
14987
14986
14984
14983
14999
15000
15001
15002
15003
15004
15005
14998
14997
14971
14967
14968
14969
14970
15101
15108
15107
15105
15104
15102
15103
15106
15149
15147
15148
15144
15145
15146
15120
15113
15112
15111
15119
15115
15117
15118
15116
15114
15135
15136
15137
15131
15132
15133
15134
15138
15139
15130
15129
15128
15127
15124
15125
15126
15123
15122
15121
15140
15142
15141
15143
15109
15110
15175
15176
15179
15177
15178
15174
15172
15173
15171
15165
15166
15167
15164
15161
15162
15163
15159
15160
15168
15169
15170
15154
15153
15152
15151
15150
15155
15156
15157
15158
15180
15183
15184
15182
15181
15258
15250
15251
15253
15254
15255
15257
15256
15252
15215
15217
15216
15238
15245
15246
15247
15241
15239
15240
15242
15243
15244
15223
15226
15225
15224
15222
15227
15228
15229
15230
15233
15234
15232
15231
15235
15236
15237
15221
15219
15220
15218
15249
15248
15193
15192
15190
15191
15194
15195
15198
15199
15202
15203
15201
15200
15205
15206
15204
15197
15196
15211
15212
15213
15214
15210
15209
15208
15207
15189
15186
15185
15187
15188
15308
15316
15314
15312
15313
15311
15309
15310
15315
15351
15347
15348
15349
15350
15326
15321
15320
15319
15325
15324
15322
15323
15340
15338
15339
15341
15342
15337
15336
15335
15334
15332
15331
15333
15330
15328
15329
15327
15343
15345
15344
15346
15317
15318
15373
15375
15374
15372
15371
15368
15365
15366
15367
15362
15361
15363
15364
15358
15359
15360
15369
15370
15353
15352
15354
15355
15356
15357
15376
15379
15380
15381
15378
15377
15448
15440
15441
15442
15444
15443
15445
15447
15446
15410
15409
15408
15430
15433
15434
15435
15436
15437
15432
15431
15414
15416
15417
15415
15413
15418
15419
15420
15422
15421
15423
15424
15425
15426
15427
15428
15429
15412
15411
15439
15438
15390
15391
15388
15389
15392
15393
15395
15396
15400
15401
15399
15397
15398
15402
15394
15407
15406
15405
15404
15403
15387
15383
15382
15384
15385
15386
15495
15504
15502
15503
15501
15498
15499
15500
15497
15496
15531
15532
15533
15514
15511
15510
15509
15508
15507
15512
15513
15527
15525
15526
15528
15524
15523
15520
15521
15522
15519
15518
15517
15516
15515
15529
15530
15505
15506
15552
15551
15550
15549
15547
15546
15542
15543
15541
15544
15545
15540
15548
15534
15535
15536
15537
15538
15539
15553
15558
15557
15556
15554
15555
15618
15613
15614
15616
15615
15617
15585
15586
15584
15604
15606
15607
15608
15609
15610
15605
15590
15592
15591
15589
15593
15594
15598
15596
15597
15595
15599
15600
15601
15602
15603
15588
15587
15612
15611
15565
15566
15567
15569
15570
15575
15572
15573
15574
15571
15576
15568
15583
15582
15581
15579
15580
15578
15577
15564
15559
15560
15561
15563
15562
15662
15661
15659
15660
15658
15692
15693
15672
15670
15668
15669
15667
15666
15665
15671
15685
15683
15684
15686
15682
15681
15678
15679
15677
15680
15676
15675
15674
15673
15687
15688
15689
15690
15691
15663
15664
15713
15712
15711
15709
15701
15702
15703
15706
15707
15708
15704
15705
15700
15710
15694
15695
15696
15697
15698
15699
15714
15720
15719
15718
15715
15716
15717
15774
15775
15776
15777
15778
15743
15761
15765
15767
15766
15768
15769
15770
15762
15763
15764
15748
15750
15749
15747
15751
15752
15755
15754
15756
15753
15757
15758
15759
15760
15746
15745
15744
15773
15771
15772
15728
15729
15730
15731
15733
15737
15736
15735
15734
15738
15732
15742
15741
15740
15739
15727
15721
15722
15723
15725
15726
15724
15818
15817
15816
15815
15853
15854
15830
15826
15824
15825
15823
15822
15829
15828
15827
15847
15844
15845
15846
15848
15843
15842
15840
15838
15839
15841
15837
15836
15835
15831
15832
15833
15834
15849
15850
15851
15852
15819
15821
15820
15867
15866
15863
15864
15859
15860
15861
15862
15857
15858
15865
15855
15856
15868
15873
15872
15870
15869
15871
15924
15925
15926
15927
15891
15892
15915
15919
15920
15921
15916
15917
15918
15896
15898
15897
15899
15900
15902
15903
15904
15905
15901
15906
15907
15908
15909
15910
15913
15914
15911
15912
15895
15894
15893
15923
15922
15878
15879
15880
15884
15882
15883
15887
15886
15885
15889
15888
15881
15890
15874
15875
15876
15877
15966
15963
15964
15965
15962
15961
15998
15999
15996
15997
15976
15971
15970
15969
15975
15973
15974
15972
15992
15990
15991
15989
15988
15987
15986
15985
15984
15983
15982
15981
15977
15980
15978
15979
15993
15994
15995
15967
15968
16011
16009
16010
16007
16008
16003
16004
16005
16006
16002
16000
16001
16016
16015
16014
16012
16013
16062
16064
16063
16065
16066
16067
16034
16033
16035
16053
16057
16058
16059
16054
16056
16055
16037
16039
16038
16040
16041
16042
16043
16044
16045
16046
16047
16048
16049
16050
16052
16051
16036
16061
16060
16023
16025
16024
16028
16029
16030
16027
16026
16032
16031
16017
16018
16019
16021
16022
16020
16099
16097
16098
16096
16093
16094
16095
16127
16126
16111
16106
16105
16103
16104
16110
16107
16108
16109
16124
16122
16123
16121
16120
16119
16118
16116
16117
16115
16114
16112
16113
16125
16100
16101
16102
16136
16137
16135
16131
16130
16129
16132
16133
16134
16128
16142
16141
16140
16138
16139
16182
16183
16184
16187
16188
16186
16185
16158
16159
16160
16171
16175
16176
16177
16178
16172
16174
16173
16162
16164
16163
16165
16166
16167
16168
16169
16170
16161
16181
16180
16179
16150
16149
16151
16154
16155
16156
16153
16152
16157
16143
16144
16145
16146
16148
16147
16218
16217
16216
16211
16210
16212
16213
16214
16215
16247
16244
16245
16246
16243
16229
16225
16224
16223
16222
16228
16226
16227
16241
16236
16237
16238
16239
16240
16235
16234
16233
16232
16231
16230
16242
16219
16220
16221
16253
16254
16252
16250
16249
16251
16248
16259
16258
16257
16255
16256
16304
16305
16306
16314
16315
16312
16313
16311
16310
16307
16308
16309
16274
16275
16276
16278
16277
16279
16294
16296
16297
16298
16299
16300
16295
16281
16286
16287
16288
16285
16284
16283
16282
16289
16290
16291
16292
16293
16280
16303
16301
16302
16267
16268
16269
16270
16271
16272
16273
16260
16261
16262
16263
16266
16264
16265
16343
16342
16340
16341
16333
16335
16334
16336
16337
16339
16338
16368
16367
16366
16364
16365
16363
16350
16349
16348
16347
16361
16357
16356
16358
16359
16360
16355
16354
16353
16352
16351
16362
16344
16346
16345
16374
16375
16373
16372
16371
16369
16370
16384
16383
16381
16382
16380
16376
16378
16379
16377
16417
16418
16419
16424
16423
16422
16420
16421
16397
16398
16399
16400
16401
16413
16414
16415
16403
16404
16407
16406
16405
16408
16409
16410
16411
16412
16402
16416
16392
16391
16393
16394
16395
16396
16385
16386
16387
16388
16389
16390
16453
16454
16455
16452
16451
16445
16446
16447
16448
16450
16449
16474
16475
16473
16472
16471
16460
16459
16457
16458
16469
16470
16467
16468
16466
16465
16464
16463
16461
16462
16456
16480
16479
16478
16477
16476
16484
16483
16482
16481
16514
16515
16516
16522
16521
16519
16520
16517
16518
16497
16498
16499
16500
16501
16510
16512
16511
16502
16504
16503
16505
16506
16507
16508
16509
16513
16490
16491
16492
16493
16494
16495
16496
16485
16486
16487
16488
16489
16545
16544
16543
16537
16538
16540
16539
16542
16541
16560
16559
16558
16557
16547
16546
16556
16554
16555
16553
16552
16551
16549
16550
16548
16565
16564
16563
16562
16561
16569
16568
16567
16566
16594
16595
16596
16603
16602
16598
16599
16600
16601
16597
16580
16581
16582
16592
16593
16583
16585
16584
16586
16587
16588
16590
16589
16591
16575
16576
16577
16578
16579
16570
16571
16572
16573
16574
16633
16632
16631
16625
16626
16630
16628
16629
16627
16648
16646
16647
16645
16635
16634
16644
16642
16643
16641
16640
16639
16636
16637
16638
16653
16652
16651
16650
16649
16657
16656
16655
16654
16683
16684
16685
16691
16692
16690
16686
16688
16687
16689
16668
16669
16670
16681
16682
16671
16673
16672
16674
16675
16676
16677
16680
16679
16678
16662
16663
16664
16665
16666
16667
16658
16659
16660
16661
16718
16717
16715
16716
16708
16709
16710
16714
16712
16713
16711
16733
16732
16730
16731
16720
16719
16729
16727
16728
16726
16725
16724
16721
16722
16723
16739
16738
16737
16736
16734
16735
16744
16743
16742
16740
16741
16776
16777
16778
16785
16784
16779
16780
16782
16781
16783
16757
16758
16762
16763
16759
16760
16761
16774
16775
16764
16765
16767
16766
16768
16769
16773
16770
16771
16772
16750
16751
16752
16753
16754
16755
16756
16745
16746
16747
16749
16748
16804
16803
16802
16795
16796
16800
16801
16798
16799
16797
16821
16820
16818
16817
16819
16807
16805
16806
16815
16816
16814
16811
16812
16813
16810
16809
16808
16828
16826
16827
16825
16824
16823
16822
16832
16831
16829
16830
16859
16860
16861
16866
16865
16862
16863
16864
16846
16847
16850
16851
16848
16849
16857
16858
16852
16853
16854
16855
16856
16837
16839
16838
16840
16841
16842
16843
16844
16845
16833
16834
16836
16835
16884
16885
16883
16882
16876
16877
16880
16881
16879
16878
16898
16899
16897
16894
16893
16896
16895
16887
16886
16892
16891
16890
16889
16888
16904
16903
16902
16901
16900
16906
16905
16925
16924
16926
16933
16932
16927
16928
16929
16930
16931
16913
16912
16916
16914
16915
16922
16923
16917
16918
16919
16920
16921
16908
16909
16910
16911
16907
16950
16951
16949
16940
16941
16942
16948
16946
16947
16945
16944
16943
16961
16962
16963
16958
16960
16959
16953
16952
16957
16956
16955
16954
16969
16968
16965
16966
16967
16964
16970
16989
16990
16991
16997
16996
16992
16993
16994
16995
16979
16977
16978
16976
16982
16980
16981
16987
16988
16983
16984
16985
16986
16972
16973
16974
16975
16971
17008
17007
17000
17001
17002
17006
17005
17004
17003
17020
17021
17022
17015
17016
17019
17017
17018
17010
17009
17014
17013
17012
17011
17028
17027
17026
17023
17024
17025
17029
17048
17049
17050
17055
17051
17052
17053
17054
17038
17037
17042
17039
17041
17040
17046
17047
17043
17044
17045
17031
17032
17033
17034
17036
17035
17030
17063
17062
17061
17060
17059
17058
17074
17070
17071
17072
17073
17065
17064
17069
17068
17066
17067
17078
17077
17076
17075
17091
17092
17093
17094
17095
17096
17097
17083
17084
17085
17089
17090
17086
17087
17088
17079
17080
17081
17082
17107
17106
17105
17104
17103
17102
17116
17117
17118
17115
17114
17109
17108
17112
17113
17111
17110
17121
17120
17119
17132
17133
17134
17135
17136
17137
17138
17125
17124
17126
17130
17131
17128
17127
17129
17122
17123
17147
17146
17145
17144
17143
17153
17154
17149
17148
17151
17152
17150
17155
17164
17165
17166
17167
17168
17158
17159
17157
17162
17163
17160
17161
17156
17177
17178
17176
17175
17174
17173
17184
17183
17180
17179
17182
17181
17185
17194
17195
17196
17197
17187
17188
17191
17192
17193
17189
17190
17186
17208
17207
17206
17214
17213
17210
17209
17212
17211
17215
17221
17222
17223
17224
17217
17220
17218
17219
17216
17230
17229
17233
17231
17232
17237
17238
17234
17236
17235
17240
17239
17243
17241
17242
17247
17248
17244
17246
17245
17250
17251
17249
17254
17252
17253
17258
17259
17255
17257
17256
17261
17260
17264
17262
17263
17268
17269
17265
17267
17266
17271
17270
17276
17272
17273
17274
17275
17282
17283
17277
17281
17280
17279
17278
17286
17284
17285
17293
17287
17288
17289
17290
17291
17292
17300
17302
17301
17294
17299
17298
17295
17296
17297
17305
17303
17304
17309
17310
17306
17307
17308
17316
17318
17317
17312
17313
17311
17315
17314
17321
17319
17320
17324
17325
17322
17323
17330
17331
17327
17326
17329
17328
17333
17332
17336
17337
17338
17334
17335
17344
17345
17340
17341
17339
17343
17342
17347
17346
17350
17351
17352
17348
17349
17357
17358
17359
17354
17353
17356
17355
17362
17360
17361
17365
17366
17363
17364
17369
17367
17368
17370
17371
17372
17373
17374
17375
17376
17377
