1 1 0 0.3     0.24 6.23      1.90735e-05 6.22485 0 0 0 0 10852      0 1.90735e-05  0 6.22485  0 0  0 0  0 0  0 0  0 10852       0 1.90735e-05  0 6.22485  0 0  0 0  0 0  0 0  0 10852 
2 1 0 0.3     0.27 3.27      0.000156283 3.18381 9.17912e-06 0 0.0878772 0.00714159 5431.5      0 0.000127077  1 3.16693  1 8.58307e-06  0 0  0 0.0710139  1 0.00470042  0 5404       1 0.00018549  0 3.20068  0 9.77516e-06  0 0  1 0.10474  0 0.00958276  1 5459 
4 1 0 0.3     0.31 1.77      0.000240445 1.62855 1.19805e-05 0 0.138865 0.00781131 2718.75      0 0.000128508  2 1.59494  0 8.58307e-06  0 0  0 0.0568604  3 0.00506902  3 2714       3 0.000300169  0 1.71066  1 1.64509e-05  0 0  2 0.172422  0 0.0129781  1 2725 
1 2 0 0.3     0.0599999 24.95      9.05991e-06 24.9432 0 0 0 0 28021      0 9.05991e-06  0 24.9432  0 0  0 0  0 0  0 0  0 28021       0 9.05991e-06  0 24.9432  0 0  0 0  0 0  0 0  0 28021 
2 2 0 0.3     0.0799999 13.18      0.000253558 12.5078 2.14577e-06 0 0.660973 0.00460005 14015      1 2.59876e-05  0 11.9219  0 1.90735e-06  0 0  1 0.0753472  1 0.00337839  0 13171       0 0.000481129  1 13.0936  1 2.38419e-06  0 0  0 1.2466  0 0.0058217  1 14859 
4 2 0 0.3     0.0799999 6.71      0.000101566 6.41957 1.90735e-06 0 0.289813 0.00531876 7010.75      0 4.69685e-05  2 6.27631  0 1.90735e-06  0 0  0 0.0852518  3 0.00363874  3 6882       3 0.000149012  0 6.62416  0 1.90735e-06  0 0  2 0.43306  0 0.00913668  0 7143 
1 3 0 0.3     0.11 15.78      1.71661e-05 15.7759 0 0 0 0 33731      0 1.71661e-05  0 15.7759  0 0  0 0  0 0  0 0  0 33731       0 1.71661e-05  0 15.7759  0 0  0 0  0 0  0 0  0 33731 
2 3 0 0.3     0.14 8.05      2.82526e-05 7.91138 0 0 0.142415 0.0192964 16871      1 2.52724e-05  0 7.90065  0 0  0 0  1 0.131691  1 0.0136507  1 16842       0 3.12328e-05  1 7.92212  0 0  0 0  0 0.153138  0 0.0249422  0 16900 
4 3 0 0.3     0.14 4.66      8.94666e-05 4.32034 0 0 0.335595 0.021559 8438.75      0 5.6982e-05  1 4.2371  0 0  0 0  3 0.239878  2 0.0132852  2 8315       2 0.000113249  3 4.41607  0 0  0 0  1 0.418817  0 0.0369267  3 8779 
4 4 0 0.3     1.12 5      1.72853e-05 4.85821 0 0 0.145523 0.00479496 29760.2      3 1.00136e-05  3 4.81821  0 0  0 0  0 0.0704679  1 0.00274301  3 29558       1 2.31266e-05  0 4.93325  0 0  0 0  3 0.18553  0 0.0102696  0 30078 
4 4 0 0.3     1.11 4.97      8.4877e-05 4.83974 0 0 0.126967 0.00449395 29760.2      2 1.62125e-05  1 4.77317  0 0  0 0  2 0.0778079  1 0.00251651  3 29558       0 0.000109196  2 4.88897  0 0  0 0  1 0.193513  0 0.00911665  0 30078 
4 4 0 0.3     2.29 4.99      2.82526e-05 4.80288 0 0 0.183313 0.00400788 29760.2      0 1.21593e-05  1 4.72876  0 0  0 0  0 0.0423172  3 0.00288177  3 29558       1 3.91006e-05  0 4.94388  0 0  0 0  1 0.25742  0 0.00723839  0 30078 
4 4 0 0.3     2.3 5      3.68953e-05 4.8617 0 0 0.142695 0.00433797 29760.2      3 1.50204e-05  1 4.80344  0 0  0 0  3 0.0913513  1 0.00260735  3 29558       1 5.07832e-05  3 4.91307  0 0  0 0  1 0.200946  0 0.00787997  0 30078 
4 4 0 0.3     1.08 5.2      2.65837e-05 4.92985 0 0 0.269194 0.00435472 29760.2      0 1.09673e-05  3 4.79574  0 0  0 0  2 0.103543  3 0.00250149  3 29558       3 3.40939e-05  2 5.09551  0 0  0 0  3 0.403303  0 0.00917816  0 30078 
4 4 0 0.3     2.3 4.94      3.02792e-05 4.81413 0 0 0.118922 0.00434583 29760.2      3 8.10623e-06  2 4.76433  0 0  0 0  0 0.0715473  1 0.0030067  3 29558       2 4.91142e-05  0 4.86149  0 0  0 0  2 0.168716  0 0.00778365  0 30078 
4 4 0 0.3     2.27 4.95      9.36389e-05 4.81746 0 0 0.132842 0.00451767 29760.2      3 1.09673e-05  1 4.78264  0 0  0 0  0 0.0928717  1 0.00304699  3 29558       1 0.000128031  0 4.85739  0 0  0 0  1 0.167628  0 0.00812078  0 30078 
4 4 0 0.3     2.21 16.81      0.000104964 14.816 0 0 1.9961 0.00857681 29760.2      2 4.98295e-05  1 14.2992  0 0  0 0  0 1.05245  1 0.00256824  3 29558       0 0.00017786  0 15.7595  0 0  0 0  1 2.5129  0 0.0264292  0 30078 
4 4 0 0.3     4.14 15.82      0.000269473 14.0512 0 0 1.75828 0.00763422 29760.2      0 1.90735e-05  1 13.7697  0 0  0 0  0 1.04265  2 0.00266504  3 29558       3 0.000445843  0 14.7671  0 0  0 0  1 2.03964  0 0.0222549  0 30078 
4 4 0 0.3     2.07 16.62      0.000541568 14.6243 0 0 1.98438 0.00820929 29760.2      2 3.19481e-05  0 14.2126  0 0  0 0  2 1.2954  2 0.00262785  3 29558       3 0.000727177  2 15.3138  0 0  0 0  0 2.3958  0 0.02492  0 30078 
1 4 0 0.3     7.28 29.22      5.96046e-06 29.1967 0 0 0.0147307 0.00978804 119022      0 5.96046e-06  0 29.1967  0 0  0 0  0 0.0147307  0 0.00978804  0 119022       0 5.96046e-06  0 29.1967  0 0  0 0  0 0.0147307  0 0.00978804  0 119022 
1 4 0 0.3     1.46 50.65      9.77516e-06 50.6241 0 0 0 0 119017      0 9.77516e-06  0 50.6241  0 0  0 0  0 0  0 0  0 119017       0 9.77516e-06  0 50.6241  0 0  0 0  0 0  0 0  0 119017 
2 4 0 0.3     2.21 27.55      5.87702e-05 26.1101 0 0 1.43796 0.00972664 59515.5      1 1.57356e-05  1 25.919  0 0  0 0  0 1.24681  1 0.00242305  1 59025       0 0.000101805  0 26.3012  0 0  0 0  1 1.6291  0 0.0170302  0 60006 
2 4 0 0.3     1.91 25.18      0.000542641 22.514 0 0 2.65074 0.00891078 59515.5      1 2.31266e-05  0 21.4536  0 0  0 0  1 1.59095  1 0.00242043  1 59025       0 0.00106215  1 23.5743  0 0  0 0  0 3.71052  0 0.0154011  0 60006 
2 4 0 0.3     6.22 25.13      1.38283e-05 22.8704 0 0 2.25679 0.00815356 59515.5      0 1.38283e-05  1 21.4705  0 0  0 0  0 0.856857  1 0.00245738  1 59025       0 1.38283e-05  0 24.2703  0 0  0 0  1 3.65673  0 0.0138497  0 60006 
2 4 0 0.3     5.43 25.78      2.39611e-05 25.0077 0 0 0.765149 0.00756502 59515.5      0 1.40667e-05  1 24.9847  0 0  0 0  0 0.742166  1 0.00252867  1 59025       1 3.38554e-05  0 25.0307  0 0  0 0  1 0.788132  0 0.0126014  0 60006 
2 4 0 0.3     5.68 24.97      2.14577e-05 22.9974 0 0 1.96304 0.00766873 59515.5      1 1.00136e-05  1 22.2904  0 0  0 0  0 1.25598  1 0.00240016  1 59025       0 3.29018e-05  0 23.7044  0 0  0 0  1 2.67011  0 0.0129373  0 60006 
2 4 0 0.3     6.1 26.18      2.8491e-05 24.6871 0 0 1.48877 0.00799763 59515.5      0 1.00136e-05  0 24.4945  0 0  0 0  1 1.29611  1 0.0025537  1 59025       1 4.69685e-05  1 24.8798  0 0  0 0  0 1.68144  0 0.0134416  0 60006 
2 4 0 0.3     5.79 23.13      0.000142097 19.1934 0 0 3.9313 0.00729191 59515.5      0 1.00136e-05  1 15.3544  0 0  0 0  0 0.0924206  1 0.00244522  1 59025       1 0.000274181  0 23.0324  0 0  0 0  1 7.77018  0 0.0121386  0 60006 
2 4 0 0.3     5.38 24.08      0.000597 20.4838 0 0 3.58514 0.00850689 59515.5      1 2.5034e-05  0 17.0634  0 0  0 0  1 0.165351  1 0.00249195  1 59025       0 0.00116897  1 23.9042  0 0  0 0  0 7.00493  0 0.0145218  0 60006 
4 4 0 0.3     4.17 16.98      0.000298023 14.8432 0 0 2.13582 0.00763714 29760.2      2 2.19345e-05  1 14.3011  0 0  0 0  2 1.29137  3 0.00259566  3 29558       3 0.000529051  2 15.6879  0 0  0 0  1 2.67793  0 0.022702  0 30078 
4 4 0 0.3     4.04 8.93      2.34842e-05 8.2186 0 0 0.714589 0.00507414 29760.2      0 8.82149e-06  0 8.13112  0 0  0 0  3 0.581889  1 0.00254607  3 29558       3 3.60012e-05  3 8.3513  0 0  0 0  0 0.802048  0 0.0121868  0 30078 
1 4 0 0.3     0.99 28.7      5.96046e-06 28.6893 0 0 0 0 119017      0 5.96046e-06  0 28.6893  0 0  0 0  0 0  0 0  0 119017       0 5.96046e-06  0 28.6893  0 0  0 0  0 0  0 0  0 119017 
1 4 0 0.3     8.37 31.41      8.82149e-06 31.3779 0 0 0.0135903 0.00822282 119022      0 8.82149e-06  0 31.3779  0 0  0 0  0 0.0135903  0 0.00822282  0 119022       0 8.82149e-06  0 31.3779  0 0  0 0  0 0.0135903  0 0.00822282  0 119022 
1 4 0 0.3     7.52 30.33      7.86781e-06 30.2981 0 0 0.0129302 0.00799036 119022      0 7.86781e-06  0 30.2981  0 0  0 0  0 0.0129302  0 0.00799036  0 119022       0 7.86781e-06  0 30.2981  0 0  0 0  0 0.0129302  0 0.00799036  0 119022 
1 4 0 0.3     7.09 29.73      1.09673e-05 29.7077 0 0 0.0131755 0.00826383 119022      0 1.09673e-05  0 29.7077  0 0  0 0  0 0.0131755  0 0.00826383  0 119022       0 1.09673e-05  0 29.7077  0 0  0 0  0 0.0131755  0 0.00826383  0 119022 
2 4 0 0.3     1.98 26.12      2.53916e-05 24.0613 0 0 2.04955 0.00902319 59515.5      1 1.28746e-05  0 22.6827  0 0  0 0  1 0.670948  1 0.00244594  1 59025       0 3.79086e-05  1 25.44  0 0  0 0  0 3.42815  0 0.0156004  0 60006 
2 4 0 0.3     5.96 26.27      8.88109e-05 23.7021 0 0 2.56568 0.00836229 59515.5      0 1.57356e-05  0 21.9188  0 0  0 0  1 0.782271  1 0.0024972  1 59025       1 0.000161886  1 25.4855  0 0  0 0  0 4.34909  0 0.0142274  0 60006 
2 4 0 0.3     5.69 25.84      2.26498e-05 23.352 0 0 2.47852 0.00809348 59515.5      0 1.81198e-05  1 22.9555  0 0  0 0  0 2.08202  1 0.00244975  1 59025       1 2.71797e-05  0 23.7485  0 0  0 0  1 2.87503  0 0.0137372  0 60006 
2 4 0 0.3     5.6 24.8      0.000817537 21.1277 0 0 3.66299 0.00912786 59515.5      1 3.00407e-05  0 17.9895  0 0  0 0  1 0.525603  1 0.002527  1 59025       0 0.00160503  1 24.2659  0 0  0 0  0 6.80038  0 0.0157287  0 60006 
3 4 0 0.3     2.07 19.26      0.000179211 17.9894 0 0 1.26523 0.00903598 39679      0 3.29018e-05  1 17.8816  0 0  0 0  2 1.05627  2 0.0028193  2 39560       1 0.00026679  2 18.1983  0 0  0 0  1 1.37299  0 0.0209789  0 39853 
3 4 0 0.3     4.68 19.43      4.92732e-05 18.0787 0 0 1.34356 0.007423 39679      2 2.28882e-05  1 17.6807  0 0  0 0  0 1.12711  1 0.00251889  2 39560       1 9.39369e-05  0 18.2951  0 0  0 0  1 1.74155  0 0.017005  0 39853 
3 4 0 0.3     4.76 19.07      9.74337e-05 17.8541 0 0 1.20914 0.00738064 39679      1 2.40803e-05  1 17.3363  0 0  0 0  2 0.930423  1 0.00249314  2 39560       0 0.000147104  2 18.1329  0 0  0 0  1 1.72704  0 0.0169022  0 39853 
3 4 0 0.3     4.35 18.11      0.000339349 15.4795 0 0 2.62287 0.00729648 39679      0 2.28882e-05  2 11.9803  0 0  0 0  1 0.829933  1 0.00244403  2 39560       2 0.000843048  1 17.2726  0 0  0 0  2 6.12152  0 0.016938  0 39853 
4 4 0 0.3     2.2 17.49      0.000157237 14.8001 0 0 2.68282 0.00841582 29760.2      1 3.17097e-05  3 14.3585  0 0  0 0  0 1.74049  2 0.0025363  3 29558       0 0.000264168  0 15.7423  0 0  0 0  3 3.1246  0 0.0259213  0 30078 
4 4 0 0.3     4.57 17.28      0.000247777 14.725 0 0 2.54639 0.00710553 29760.2      2 3.12328e-05  3 13.8926  0 0  0 0  0 1.02548  3 0.00262403  3 29558       3 0.000405073  0 16.2458  0 0  0 0  3 3.3787  0 0.0204959  0 30078 
4 4 0 0.3     4.31 17.49      9.26256e-05 15.0596 0 0 2.42069 0.00743032 29760.2      3 1.78814e-05  2 14.6341  0 0  0 0  1 1.30184  2 0.00257707  3 29558       2 0.00012517  1 16.1773  0 0  0 0  2 2.84654  0 0.0210083  0 30078 
4 4 0 0.3     4 16.94      0.000109434 14.6956 0 0 2.23395 0.00789577 29760.2      2 4.43459e-05  1 13.9956  0 0  0 0  2 1.21724  1 0.0025003  3 29558       1 0.000147104  2 15.7124  0 0  0 0  1 2.93396  0 0.0237472  0 30078 
1 4 0 0     1.37 34.44      8.10623e-06 34.4295 0 0 0 0 119017      0 8.10623e-06  0 34.4295  0 0  0 0  0 0  0 0  0 119017       0 8.10623e-06  0 34.4295  0 0  0 0  0 0  0 0  0 119017 
1 4 0 0.3     1.32 31.11      8.10623e-06 31.1002 0 0 0 0 119017      0 8.10623e-06  0 31.1002  0 0  0 0  0 0  0 0  0 119017       0 8.10623e-06  0 31.1002  0 0  0 0  0 0  0 0  0 119017 
1 4 0 0.15     6.85 28.01      7.86781e-06 27.9789 0 0 0.0148494 0.0100617 119031      0 7.86781e-06  0 27.9789  0 0  0 0  0 0.0148494  0 0.0100617  0 119031       0 7.86781e-06  0 27.9789  0 0  0 0  0 0.0148494  0 0.0100617  0 119031 
1 4 0 0.1     6.79 28.18      5.96046e-06 28.1516 0 0 0.0175428 0.0128295 119037      0 5.96046e-06  0 28.1516  0 0  0 0  0 0.0175428  0 0.0128295  0 119037       0 5.96046e-06  0 28.1516  0 0  0 0  0 0.0175428  0 0.0128295  0 119037 
1 4 0 0.075     8.31 35.54      1.4782e-05 35.5047 0 0 0.0194376 0.0139816 119041      0 1.4782e-05  0 35.5047  0 0  0 0  0 0.0194376  0 0.0139816  0 119041       0 1.4782e-05  0 35.5047  0 0  0 0  0 0.0194376  0 0.0139816  0 119041 
2 4 0 0.3     2.19 25.25      0.000880003 22.3983 0 0 2.84128 0.0096935 59515.5      1 3.19481e-05  0 20.4809  0 0  0 0  1 0.924751  1 0.00241089  1 59025       0 0.00172806  1 24.3156  0 0  0 0  0 4.7578  0 0.0169761  0 60006 
2 4 0 0.15     4.86 27.32      0.000832558 24.6609 0 0 2.65495 0.0103952 59520.5      0 3.29018e-05  0 22.7286  0 0  0 0  1 0.721816  1 0.00247669  0 59430       1 0.00163221  1 26.5933  0 0  0 0  0 4.58809  0 0.0183136  1 59611 
2 4 0 0.075     6.45 25.53      0.000244021 23.139 0 0 2.38997 0.013142 59533.5      0 1.09673e-05  1 23.1311  0 0  0 0  0 2.38227  1 0.0024538  1 59529       1 0.000477076  0 23.1469  0 0  0 0  1 2.39766  0 0.0238302  0 59538 
4 4 0 0.075     3.2 6.22      1.96099e-05 5.36179 0 0 0.851964 0.00861084 29778      1 1.50204e-05  0 4.61309  0 0  0 0  2 0.129211  1 0.00312877  1 29600       2 2.43187e-05  2 6.08455  0 0  0 0  0 1.60065  0 0.0245588  0 29880 
1 4 0 0     0.79 15.45      5.00679e-06 15.4443 0 0 0 0 119017      0 5.00679e-06  0 15.4443  0 0  0 0  0 0  0 0  0 119017       0 5.00679e-06  0 15.4443  0 0  0 0  0 0  0 0  0 119017 
1 4 0 0.3     0.79 15.58      5.00679e-06 15.5828 0 0 0 0 119017      0 5.00679e-06  0 15.5828  0 0  0 0  0 0  0 0  0 119017       0 5.00679e-06  0 15.5828  0 0  0 0  0 0  0 0  0 119017 
1 4 0 0.15     5.92 15.4      5.00679e-06 15.393 0 0 0.0109725 0.00610828 119031      0 5.00679e-06  0 15.393  0 0  0 0  0 0.0109725  0 0.00610828  0 119031       0 5.00679e-06  0 15.393  0 0  0 0  0 0.0109725  0 0.00610828  0 119031 
1 4 0 0.1     6.01 15.47      4.76837e-06 15.4575 0 0 0.0119016 0.00671458 119037      0 4.76837e-06  0 15.4575  0 0  0 0  0 0.0119016  0 0.00671458  0 119037       0 4.76837e-06  0 15.4575  0 0  0 0  0 0.0119016  0 0.00671458  0 119037 
1 4 0 0.075     5.99 15.75      5.00679e-06 15.733 0 0 0.0123777 0.00747728 119041      0 5.00679e-06  0 15.733  0 0  0 0  0 0.0123777  0 0.00747728  0 119041       0 5.00679e-06  0 15.733  0 0  0 0  0 0.0123777  0 0.00747728  0 119041 
2 4 0 0.3     1.25 8.29      8.46386e-06 8.09536 0 0 0.189366 0.00490212 59515.5      0 5.96046e-06  1 7.94281  0 0  0 0  0 0.0368004  1 0.00256228  1 59025       1 1.09673e-05  0 8.24792  0 0  0 0  1 0.341931  0 0.00724196  0 60006 
2 4 0 0.15     3.48 8.21      1.09673e-05 8.09719 0 0 0.111414 0.00499964 59520.5      1 6.91414e-06  0 8.03134  0 0  0 0  1 0.0455811  1 0.00272226  0 59430       0 1.50204e-05  1 8.16304  0 0  0 0  0 0.177247  0 0.00727701  1 59611 
2 4 0 0.1     3.57 8.44      1.62125e-05 8.26817 0 0 0.168268 0.00669301 59527      0 8.10623e-06  0 8.17176  0 0  0 0  1 0.0718644  1 0.00260639  1 59386       1 2.43187e-05  1 8.36457  0 0  0 0  0 0.264671  0 0.0107796  0 59668 
2 4 0 0.075     3.6 8.47      8.9407e-06 8.28984 0 0 0.172446 0.00738537 59533.5      1 5.96046e-06  0 8.1867  0 0  0 0  1 0.0693254  1 0.0025723  1 59529       0 1.19209e-05  1 8.39297  0 0  0 0  0 0.275567  0 0.0121984  0 59538 
3 4 0 0.3     1.16 6.07      3.48886e-05 5.76739 0 0 0.302416 0.00430981 39679      0 1.09673e-05  1 5.61029  0 0  0 0  0 0.0456469  2 0.00244713  2 39560       1 4.88758e-05  0 6.02417  0 0  0 0  1 0.459511  0 0.00800633  0 39853 
3 4 0 0.15     2.73 6.09      4.42664e-05 5.93812 0 0 0.148064 0.00586239 39684.7      0 1.00136e-05  1 5.87583  0 0  0 0  0 0.0837526  1 0.00298119  0 39597       1 8.2016e-05  0 6.00245  0 0  0 0  1 0.21033  0 0.0112164  1 39780 
3 4 0 0.1     2.7 5.9      1.18415e-05 5.81766 0 0 0.0873907 0.00745551 39690      0 1.07288e-05  1 5.779  0 0  0 0  2 0.0673554  1 0.00313258  0 39554       2 1.28746e-05  2 5.8377  0 0  0 0  1 0.126058  0 0.0155342  2 39841 
3 4 0 0.075     2.7 6.17      1.10467e-05 6.06312 0 0 0.109615 0.00837906 39696.3      2 7.86781e-06  1 6.00299  0 0  0 0  2 0.0589838  1 0.00272059  2 39583       1 1.3113e-05  2 6.11376  0 0  0 0  1 0.169745  0 0.0180347  0 39770 
4 4 0 0.3     1.11 5.02      0.000118673 4.84621 0 0 0.177472 0.00483018 29760.2      1 8.82149e-06  2 4.77679  0 0  0 0  1 0.0529034  1 0.00297308  3 29558       2 0.000155926  1 4.9709  0 0  0 0  2 0.246862  0 0.0100625  0 30078 
4 4 0 0.15     2.3 5.04      1.4782e-05 4.87474 0 0 0.164605 0.00625575 29766.8      3 1.09673e-05  0 4.81183  0 0  0 0  1 0.0728273  2 0.00292921  0 29645       2 1.71661e-05  1 4.96652  0 0  0 0  0 0.227484  0 0.0154293  1 29845 
4 4 0 0.1     2.28 4.96      1.52588e-05 4.7964 0 0 0.156525 0.00701529 29772.2      1 9.29832e-06  0 4.71934  0 0  0 0  2 0.0942678  1 0.00300074  0 29618       0 1.97887e-05  2 4.85866  0 0  0 0  0 0.233567  0 0.0181911  3 29985 
4 4 0 0.075     2.31 5.04      1.69873e-05 4.8747 0 0 0.162968 0.00804085 29778      1 6.91414e-06  3 4.81941  0 0  0 0  2 0.0919266  1 0.00255108  1 29600       2 2.81334e-05  2 4.94573  0 0  0 0  3 0.218264  0 0.0231504  0 29880 
1 4 0 0     0.82 15.82      4.05312e-06 15.8123 0 0 0 0 119017      0 4.05312e-06  0 15.8123  0 0  0 0  0 0  0 0  0 119017       0 4.05312e-06  0 15.8123  0 0  0 0  0 0  0 0  0 119017 
1 4 0 0.3     0.79 15.36      4.05312e-06 15.3531 0 0 0 0 119017      0 4.05312e-06  0 15.3531  0 0  0 0  0 0  0 0  0 119017       0 4.05312e-06  0 15.3531  0 0  0 0  0 0  0 0  0 119017 
1 4 0 0.15     5.95 15.53      5.96046e-06 15.5103 0 0 0.0117338 0.00654936 119031      0 5.96046e-06  0 15.5103  0 0  0 0  0 0.0117338  0 0.00654936  0 119031       0 5.96046e-06  0 15.5103  0 0  0 0  0 0.0117338  0 0.00654936  0 119031 
1 4 0 0.1     5.93 15.51      5.00679e-06 15.4962 0 0 0.0125847 0.00756025 119037      0 5.00679e-06  0 15.4962  0 0  0 0  0 0.0125847  0 0.00756025  0 119037       0 5.00679e-06  0 15.4962  0 0  0 0  0 0.0125847  0 0.00756025  0 119037 
1 4 0 0.075     5.97 15.6      5.50747e-05 15.582 0 0 0.0134201 0.0073998 119041      0 5.50747e-05  0 15.582  0 0  0 0  0 0.0134201  0 0.0073998  0 119041       0 5.50747e-05  0 15.582  0 0  0 0  0 0.0134201  0 0.0073998  0 119041 
2 4 0 0.3     1.22 8.12      1.00136e-05 8.02074 0 0 0.0959074 0.00484812 59515.5      0 9.05991e-06  1 7.99842  0 0  0 0  0 0.0735795  1 0.00261736  1 59025       1 1.09673e-05  0 8.04306  0 0  0 0  1 0.118235  0 0.00707889  0 60006 
2 4 0 0.15     3.5 8.13      9.53674e-06 8.05282 0 0 0.070724 0.00561583 59520.5      0 9.05991e-06  1 8.05183  0 0  0 0  0 0.0697303  1 0.00316405  0 59430       1 1.00136e-05  0 8.0538  0 0  0 0  1 0.0717177  0 0.00806761  1 59611 
2 4 0 0.1     3.54 8.25      9.05991e-06 8.16398 0 0 0.0866381 0.00685561 59527      0 9.05991e-06  1 8.12218  0 0  0 0  0 0.0448239  1 0.00291777  1 59386       0 9.05991e-06  0 8.20579  0 0  0 0  1 0.128452  0 0.0107934  0 59668 
2 4 0 0.075     3.63 8.37      8.46386e-06 8.20033 0 0 0.168317 0.00807178 59533.5      1 7.86781e-06  1 8.08501  0 0  0 0  0 0.0529788  1 0.00298095  1 59529       0 9.05991e-06  0 8.31566  0 0  0 0  1 0.283655  0 0.0131626  0 59538 
3 4 0 0.3     1.11 6.01      1.63714e-05 5.8417 0 0 0.166874 0.00592709 39679      0 1.09673e-05  2 5.76251  0 0  0 0  0 0.0371139  1 0.00402117  2 39560       2 1.90735e-05  0 5.97145  0 0  0 0  2 0.246075  0 0.00958347  0 39853 
3 4 0 0.15     2.7 5.97      1.67688e-05 5.80094 0 0 0.16881 0.006447 39684.7      1 9.05991e-06  0 5.7205  0 0  0 0  2 0.0533135  1 0.00287318  0 39597       0 2.31266e-05  2 5.91644  0 0  0 0  0 0.249226  0 0.0123053  1 39780 
3 4 0 0.1     2.7 5.9      2.3524e-05 5.81872 0 0 0.0859059 0.00708278 39690      2 8.82149e-06  0 5.80155  0 0  0 0  2 0.0605111  1 0.00325537  0 39554       0 3.19481e-05  2 5.84414  0 0  0 0  0 0.103051  0 0.0140274  2 39841 
3 4 0 0.075     2.69 6.07      3.98954e-05 5.96294 0 0 0.104549 0.00800077 39696.3      2 1.0252e-05  1 5.93215  0 0  0 0  2 0.0701177  1 0.00317049  2 39583       0 5.8651e-05  2 5.9974  0 0  0 0  1 0.135329  0 0.0168188  0 39770 
4 4 0 0.3     1.07 4.88      1.26362e-05 4.76214 0 0 0.111852 0.00417191 29760.2      1 9.77516e-06  3 4.71497  0 0  0 0  0 0.0609651  3 0.00263023  3 29558       3 1.57356e-05  0 4.81302  0 0  0 0  3 0.159029  0 0.00838041  0 30078 
4 4 0 0.15     2.28 4.91      2.6226e-05 4.77393 0 0 0.130136 0.00613374 29766.8      2 1.69277e-05  0 4.73252  0 0  0 0  2 0.0491862  1 0.00323248  0 29645       0 3.40939e-05  2 4.8549  0 0  0 0  0 0.17153  0 0.0138776  3 29845 
4 4 0 0.1     3.55 7.02      0.000200927 5.64828 0 0 1.37064 0.00755429 29772.2      2 7.86781e-06  3 4.30748  0 0  0 0  0 0.066632  1 0.00262737  0 29618       3 0.000391006  0 6.95245  0 0  0 0  3 2.71125  0 0.022145  3 29985 
4 4 0 0.075     2.3 5.04      2.91467e-05 4.91106 0 0 0.126647 0.00801462 29778      2 8.82149e-06  3 4.89001  0 0  0 0  2 0.0803835  1 0.00322294  1 29600       1 3.69549e-05  2 4.95734  0 0  0 0  3 0.147692  0 0.0216265  0 29880 
1 4 0 0     0.97 17.21      0 17.2093 0 0 0 0 132293      0 0  0 17.2093  0 0  0 0  0 0  0 0  0 132293       0 0  0 17.2093  0 0  0 0  0 0  0 0  0 132293 
1 4 0 0.3     0.98 17.33      0 17.3185 0 0 0 0 132293      0 0  0 17.3185  0 0  0 0  0 0  0 0  0 132293       0 0  0 17.3185  0 0  0 0  0 0  0 0  0 132293 
4 4 0 0.075     0.95 1.15      1.52588e-05 1.08773 0 0 0.0688892 0.00774497 7799.25      3 1.12057e-05  0 1.07408  0 0  0 0  1 0.0566308  2 0.00352335  2 7768       1 2.00272e-05  1 1.09999  0 0  0 0  0 0.0825276  0 0.0195458  3 7851 
4 4 0 0.075     0.84 1.17      1.44243e-05 1.09236 0 0 0.0739315 0.00831789 7799.25      1 5.96046e-06  0 1.08446  0 0  0 0  3 0.0635312  2 0.00426531  2 7768       0 2.09808e-05  3 1.10276  0 0  0 0  0 0.0818148  0 0.0199792  3 7851 
4 4 0 0.075     0.8 1.18      1.10269e-05 1.09897 0 0 0.0858143 0.00784194 7799.25      3 8.10623e-06  0 1.07651  0 0  0 0  2 0.0583475  1 0.0035789  2 7768       0 1.3113e-05  2 1.12644  0 0  0 0  0 0.108258  0 0.0199189  3 7851 
4 4 0 0.075     11.59 46.62      5.11408e-05 45.4744 0 0 1.12593 0.00737476 173800      0 1.09673e-05  2 45.0826  0 0  0 0  0 0.226885  3 0.00246572  2 173769       2 6.79493e-05  0 46.3734  0 0  0 0  2 1.51763  0 0.0218725  3 173852 
4 4 0 0.075     11.42 46.7      4.10676e-05 45.7125 0 0 0.971669 0.00751454 173800      0 2.00272e-05  3 45.3995  0 0  0 0  1 0.562466  1 0.00246453  2 173769       1 8.01086e-05  1 46.1217  0 0  0 0  3 1.28466  0 0.0217779  3 173852 
4 4 0 0.075     3.5 7.95      5.26905e-05 7.70178 0 0 0.245602 0.00853455 41525.2      0 1.5974e-05  3 7.62607  0 0  0 0  2 0.179255  3 0.00267482  1 41477       1 7.20024e-05  2 7.76813  0 0  0 0  3 0.321317  0 0.0255065  2 41565 
4 4 0 0.075     5.48 18.32      0.000395119 17.8636 0 0 0.448862 0.00938284 72626.2      3 1.12057e-05  0 17.4854  0 0  0 0  3 0.131299  1 0.00270104  1 72578       0 0.000543118  3 18.1816  0 0  0 0  0 0.826925  0 0.0279925  2 72666 
1 4 0 0.3     0.7 11.08      6.19888e-06 11.0692 0 0 0 0 86845      0 6.19888e-06  0 11.0692  0 0  0 0  0 0  0 0  0 86845       0 6.19888e-06  0 11.0692  0 0  0 0  0 0  0 0  0 86845 
1 4 0 0.15     4.68 11.38      5.00679e-06 11.3609 0 0 0.00974011 0.00451255 86855      0 5.00679e-06  0 11.3609  0 0  0 0  0 0.00974011  0 0.00451255  0 86855       0 5.00679e-06  0 11.3609  0 0  0 0  0 0.00974011  0 0.00451255  0 86855 
1 4 0 0.1     4.78 11.2      3.8147e-06 11.1789 0 0 0.0106835 0.0057919 86861      0 3.8147e-06  0 11.1789  0 0  0 0  0 0.0106835  0 0.0057919  0 86861       0 3.8147e-06  0 11.1789  0 0  0 0  0 0.0106835  0 0.0057919  0 86861 
1 4 0 0.075     4.67 11.09      5.24521e-06 11.0802 0 0 0.0119648 0.0067265 86867      0 5.24521e-06  0 11.0802  0 0  0 0  0 0.0119648  0 0.0067265  0 86867       0 5.24521e-06  0 11.0802  0 0  0 0  0 0.0119648  0 0.0067265  0 86867 
1 4 0 0     0.69 11.02      5.00679e-06 11.0197 0 0 0 0 86845      0 5.00679e-06  0 11.0197  0 0  0 0  0 0  0 0  0 86845       0 5.00679e-06  0 11.0197  0 0  0 0  0 0  0 0  0 86845 
1 4 0 0.3     0.7 11.04      5.24521e-06 11.0418 0 0 0 0 86845      0 5.24521e-06  0 11.0418  0 0  0 0  0 0  0 0  0 86845       0 5.24521e-06  0 11.0418  0 0  0 0  0 0  0 0  0 86845 
1 4 0 0     0.7 11.05      4.05312e-06 11.045 0 0 0 0 86845      0 4.05312e-06  0 11.045  0 0  0 0  0 0  0 0  0 86845       0 4.05312e-06  0 11.045  0 0  0 0  0 0  0 0  0 86845 
1 4 0 0.3     0.7 11.06      4.76837e-06 11.052 0 0 0 0 86845      0 4.76837e-06  0 11.052  0 0  0 0  0 0  0 0  0 86845       0 4.76837e-06  0 11.052  0 0  0 0  0 0  0 0  0 86845 
1 4 0 0.15     4.69 11.06      4.05312e-06 11.0456 0 0 0.00939345 0.00443459 86855      0 4.05312e-06  0 11.0456  0 0  0 0  0 0.00939345  0 0.00443459  0 86855       0 4.05312e-06  0 11.0456  0 0  0 0  0 0.00939345  0 0.00443459  0 86855 
1 4 0 0     0.73 11.39      4.05312e-06 11.3839 0 0 0 0 86845      0 4.05312e-06  0 11.3839  0 0  0 0  0 0  0 0  0 86845       0 4.05312e-06  0 11.3839  0 0  0 0  0 0  0 0  0 86845 
1 4 0 0.3     0.72 11.24      4.05312e-06 11.2436 0 0 0 0 86845      0 4.05312e-06  0 11.2436  0 0  0 0  0 0  0 0  0 86845       0 4.05312e-06  0 11.2436  0 0  0 0  0 0  0 0  0 86845 
1 4 0 0     0.72 11.13      3.8147e-06 11.1334 0 0 0 0 86845      0 3.8147e-06  0 11.1334  0 0  0 0  0 0  0 0  0 86845       0 3.8147e-06  0 11.1334  0 0  0 0  0 0  0 0  0 86845 
1 4 0 0.3     0.71 11.12      4.05312e-06 11.1169 0 0 0 0 86845      0 4.05312e-06  0 11.1169  0 0  0 0  0 0  0 0  0 86845       0 4.05312e-06  0 11.1169  0 0  0 0  0 0  0 0  0 86845 
1 4 0 0     0.7 11.05      4.76837e-06 11.048 0 0 0 0 86845      0 4.76837e-06  0 11.048  0 0  0 0  0 0  0 0  0 86845       0 4.76837e-06  0 11.048  0 0  0 0  0 0  0 0  0 86845 
1 4 0 0.3     0.71 11.04      4.05312e-06 11.039 0 0 0 0 86845      0 4.05312e-06  0 11.039  0 0  0 0  0 0  0 0  0 86845       0 4.05312e-06  0 11.039  0 0  0 0  0 0  0 0  0 86845 
1 4 0 0.15     4.64 11.09      5.00679e-06 11.0797 0 0 0.0095284 0.0044322 86855      0 5.00679e-06  0 11.0797  0 0  0 0  0 0.0095284  0 0.0044322  0 86855       0 5.00679e-06  0 11.0797  0 0  0 0  0 0.0095284  0 0.0044322  0 86855 
1 4 0 0.1     4.72 11.08      4.76837e-06 11.0678 0 0 0.0103123 0.00547743 86861      0 4.76837e-06  0 11.0678  0 0  0 0  0 0.0103123  0 0.00547743  0 86861       0 4.76837e-06  0 11.0678  0 0  0 0  0 0.0103123  0 0.00547743  0 86861 
1 4 0 0.075     4.6 11.07      4.76837e-06 11.0596 0 0 0.01179 0.00680518 86867      0 4.76837e-06  0 11.0596  0 0  0 0  0 0.01179  0 0.00680518  0 86867       0 4.76837e-06  0 11.0596  0 0  0 0  0 0.01179  0 0.00680518  0 86867 
2 4 0 0.15     2.76 5.61      8.10623e-06 5.56847 0 0 0.0383523 0.0046854 43433.5      0 8.10623e-06  1 5.55587  0 0  0 0  0 0.0257449  1 0.00290132  0 43221       0 8.10623e-06  0 5.58107  0 0  0 0  1 0.0509596  0 0.00646949  1 43646 
2 4 0 0.1     2.81 5.72      9.41753e-06 5.63441 0 0 0.0862402 0.005988 43440      1 5.96046e-06  0 5.60052  0 0  0 0  1 0.0523574  1 0.00269365  0 43228       0 1.28746e-05  1 5.66831  0 0  0 0  0 0.120123  0 0.00928235  1 43652 
2 4 0 0.075     2.8 5.7      1.34706e-05 5.63535 0 0 0.0642107 0.00735581 43448.5      1 6.91414e-06  0 5.62047  0 0  0 0  1 0.0493476  1 0.00249672  1 43437       0 2.00272e-05  1 5.65023  0 0  0 0  0 0.0790737  0 0.0122149  0 43460 
3 4 0 0.15     2.17 3.98      1.06494e-05 3.89408 0 0 0.0816474 0.00551446 28960      1 8.10623e-06  0 3.87994  0 0  0 0  1 0.0575237  2 0.00363946  2 28727       0 1.19209e-05  1 3.91821  0 0  0 0  0 0.0957696  0 0.009202  1 29134 
3 4 0 0.1     2.18 4.01      1.03315e-05 3.90423 0 0 0.102105 0.00688497 28967      2 7.86781e-06  0 3.86748  0 0  0 0  2 0.0638947  2 0.00340796  0 28867       0 1.21593e-05  2 3.94245  0 0  0 0  0 0.138845  0 0.0134535  2 29165 
3 4 0 0.075     2.16 4.01      8.98043e-06 3.93424 0 0 0.0759722 0.00800467 28975.3      0 5.96046e-06  1 3.911  0 0  0 0  0 0.0470808  1 0.00268197  1 28883       1 1.09673e-05  0 3.96312  0 0  0 0  1 0.0992119  0 0.0184238  2 29157 
4 4 0 0.15     1.91 3.27      1.88947e-05 3.11753 0 0 0.156754 0.0056138 21724.2      3 1.3113e-05  0 3.06149  0 0  0 0  1 0.0606122  2 0.00326204  0 21622       0 2.12193e-05  1 3.21368  0 0  0 0  0 0.212777  0 0.0121076  1 21896 
4 4 0 0.1     1.93 3.27      1.78814e-05 3.1508 0 0 0.122762 0.00693977 21731.5      1 1.19209e-05  3 3.12481  0 0  0 0  2 0.0893114  3 0.00278974  0 21636       0 2.19345e-05  2 3.18425  0 0  0 0  3 0.148757  0 0.0180039  3 21854 
4 4 0 0.075     1.97 3.36      7.82013e-05 3.17027 0 0 0.182951 0.00832731 21736.5      3 1.07288e-05  1 3.11425  0 0  0 0  3 0.132077  1 0.00324965  0 21641       2 0.000102043  3 3.221  0 0  0 0  1 0.238746  0 0.0227013  3 21849 
2 4 0 0.15     1.08 2.1      6.91414e-06 2.04279 0 0 0.0556195 0.00542045 15562.5      1 5.00679e-06  0 2.01471  0 0  0 0  1 0.0275424  1 0.00418043  0 15350       0 8.82149e-06  1 2.07088  0 0  0 0  0 0.0836966  0 0.00666046  1 15775 
2 4 0 0.1     1.09 2.11      8.82149e-06 2.05133 0 0 0.0586107 0.00631273 15567      0 8.82149e-06  1 2.03841  0 0  0 0  0 0.0456877  1 0.00378561  0 15411       0 8.82149e-06  0 2.06424  0 0  0 0  1 0.0715337  0 0.00883985  1 15723 
3 4 0 0.15     0.91 1.44      1.20799e-05 1.39376 0 0 0.0523512 0.00551939 10378      0 1.09673e-05  2 1.38837  0 0  0 0  0 0.0472336  2 0.00403523  0 10237       2 1.3113e-05  0 1.39886  0 0  0 0  2 0.0577414  0 0.00833988  2 10454 
3 4 0 0.1     0.87 1.45      1.26362e-05 1.40328 0 0 0.0490874 0.00679064 10385.7      0 1.00136e-05  0 1.39153  0 0  0 0  2 0.0424492  1 0.00367379  0 10317       2 1.50204e-05  2 1.40992  0 0  0 0  0 0.0608172  0 0.0126016  2 10437 
3 4 0 0.075     0.88 1.48      9.21885e-06 1.41051 0 0 0.0603515 0.00755501 10391      1 8.10623e-06  1 1.39625  0 0  0 0  2 0.0401928  1 0.00336862  2 10328       0 1.0252e-05  2 1.43068  0 0  0 0  1 0.0746181  0 0.0151725  0 10426 
4 4 0 0.15     0.82 1.14      1.21593e-05 1.07925 0 0 0.0564345 0.00616527 7788      3 8.10623e-06  0 1.0685  0 0  0 0  3 0.0422668  2 0.00428557  0 7654       0 1.69277e-05  3 1.09342  0 0  0 0  0 0.0671701  0 0.0116377  3 7869 
4 4 0 0.1     0.79 1.19      1.35899e-05 1.09657 0 0 0.0899195 0.00707674 7793.25      0 9.29832e-06  0 1.07538  0 0  0 0  1 0.0493  2 0.00427103  1 7756       1 1.71661e-05  1 1.1372  0 0  0 0  0 0.111097  0 0.0149488  3 7882 
4 4 0 0.075     0.82 1.17      5.60284e-05 1.09535 0 0 0.0807903 0.00820231 7799.25      3 1.21593e-05  2 1.08352  0 0  0 0  0 0.0749607  2 0.00415373  2 7768       0 7.10487e-05  0 1.10115  0 0  0 0  2 0.0926175  0 0.019887  3 7851 
2 4 0 0.15     3.23 6.75      8.82149e-06 6.66696 0 0 0.0846497 0.00514615 51358      0 8.82149e-06  0 6.65344  0 0  0 0  1 0.0711339  1 0.00256181  0 51249       0 8.82149e-06  1 6.68049  0 0  0 0  0 0.0981655  0 0.00773048  1 51467 
2 4 0 0.1     3.23 6.96      1.01328e-05 6.82137 0 0 0.136372 0.00664461 51366      1 1.00136e-05  0 6.77048  0 0  0 0  1 0.0854909  1 0.00245047  0 51206       0 1.0252e-05  1 6.87226  0 0  0 0  0 0.187254  0 0.0108387  1 51526 
2 4 0 0.075     3.17 6.83      9.65595e-06 6.77014 0 0 0.0656036 0.00760496 51372.5      1 8.10623e-06  0 6.74965  0 0  0 0  1 0.0451279  1 0.00282979  0 51188       0 1.12057e-05  1 6.79063  0 0  0 0  0 0.0860794  0 0.0123801  1 51557 
3 4 0 0.15     2.52 4.78      1.39078e-05 4.6796 0 0 0.100678 0.00622718 34244      2 7.86781e-06  1 4.63762  0 0  0 0  2 0.0498135  1 0.00260949  2 34130       1 1.78814e-05  2 4.73048  0 0  0 0  1 0.14266  0 0.0116141  0 34317 
3 4 0 0.1     2.5 4.83      1.4623e-05 4.69919 0 0 0.121219 0.00728703 34251      2 1.00136e-05  1 4.66512  0 0  0 0  2 0.056673  1 0.00326514  2 34079       0 1.69277e-05  2 4.76375  0 0  0 0  1 0.155301  0 0.0147417  1 34342 
3 4 0 0.075     2.57 4.78      6.23067e-05 4.68621 0 0 0.0887101 0.0084842 34258      2 1.00136e-05  1 4.66682  0 0  0 0  2 0.0501614  1 0.00303674  0 33976       0 8.89301e-05  2 4.72483  0 0  0 0  1 0.108088  0 0.0181391  1 34443 
4 4 0 0.15     2.22 3.87      2.57492e-05 3.78251 0 0 0.0877885 0.00656873 25686.2      2 1.09673e-05  0 3.76338  0 0  0 0  2 0.0689139  1 0.00415325  0 25606       3 3.09944e-05  2 3.8014  0 0  0 0  0 0.106901  0 0.0134308  3 25741 
4 4 0 0.1     2.23 3.88      3.82662e-05 3.75043 0 0 0.123815 0.00693589 25693.5      0 1.00136e-05  1 3.71459  0 0  0 0  0 0.0433888  3 0.00276256  0 25553       1 4.81606e-05  0 3.83087  0 0  0 0  1 0.159643  0 0.0184274  3 25805 
4 4 0 0.075     2.26 3.87      9.16123e-05 3.75308 0 0 0.11209 0.00879896 25699      1 8.10623e-06  0 3.72948  0 0  0 0  1 0.0772007  2 0.00388217  0 25556       2 0.000120163  1 3.78806  0 0  0 0  0 0.135652  0 0.023262  3 25794 
1 4 0 0     0.72 10.81      5.00679e-06 10.8092 0 0 0 0 83003      0 5.00679e-06  0 10.8092  0 0  0 0  0 0  0 0  0 83003       0 5.00679e-06  0 10.8092  0 0  0 0  0 0  0 0  0 83003 
2 4 0 0.15     2.7 5.39      1.06096e-05 5.31081 0 0 0.0758804 0.00460207 41513      0 6.19888e-06  0 5.26383  0 0  0 0  1 0.028909  1 0.00273609  0 41421       1 1.50204e-05  1 5.35779  0 0  0 0  0 0.122852  0 0.00646806  1 41605 
2 4 0 0.1     2.67 5.5      8.9407e-06 5.38957 0 0 0.0999314 0.00663352 41519      0 7.86781e-06  0 5.34803  0 0  0 0  1 0.0583997  1 0.00250435  0 41116       1 1.00136e-05  1 5.43111  0 0  0 0  0 0.141463  0 0.0107627  1 41922 
2 4 0 0.075     2.74 5.45      1.29938e-05 5.37496 0 0 0.0699705 0.00711632 41526      1 5.96046e-06  1 5.33784  0 0  0 0  0 0.0328352  1 0.00246382  1 41504       0 2.00272e-05  0 5.41208  0 0  0 0  1 0.107106  0 0.0117688  0 41548 
3 4 0 0.15     2.12 3.86      4.64122e-05 3.71908 0 0 0.137188 0.00510486 27679.3      1 1.21593e-05  2 3.65218  0 0  0 0  0 0.0760796  2 0.00275898  1 27381       2 7.70092e-05  0 3.78017  0 0  0 0  2 0.204057  0 0.00949144  0 28227 
3 4 0 0.1     2.12 3.8      1.35899e-05 3.70932 0 0 0.0906883 0.0065275 27685.3      0 8.82149e-06  0 3.69843  0 0  0 0  2 0.074971  2 0.00322747  0 27657       1 2.28882e-05  2 3.72505  0 0  0 0  0 0.101565  0 0.0125322  2 27701 
1 4 0 0     0.7 11.05      4.05312e-06 11.0507 0 0 0 0 86845      0 4.05312e-06  0 11.0507  0 0  0 0  0 0  0 0  0 86845       0 4.05312e-06  0 11.0507  0 0  0 0  0 0  0 0  0 86845 
2 4 0 0.15     2.8 5.69      9.05991e-06 5.61826 0 0 0.0739502 0.00513244 43433.5      1 7.15256e-06  1 5.57757  0 0  0 0  0 0.0332465  1 0.00323415  0 43221       0 1.09673e-05  0 5.65895  0 0  0 0  1 0.114654  0 0.00703073  1 43646 
3 4 0 0.15     2.23 4.03      1.14441e-05 3.91779 0 0 0.111759 0.00600274 28960      1 1.00136e-05  2 3.88809  0 0  0 0  1 0.0860133  2 0.00373173  2 28727       0 1.21593e-05  1 3.94355  0 0  0 0  2 0.141469  0 0.00998473  1 29134 
4 4 0 0.15     1.94 3.24      1.70469e-05 3.11709 0 0 0.122032 0.00580668 21724.2      3 1.00136e-05  2 3.08049  0 0  0 0  3 0.0783658  2 0.00295162  0 21622       2 2.09808e-05  3 3.16077  0 0  0 0  2 0.158634  0 0.0131278  1 21896 
1 4 0 0     0.32 3.93      5.00679e-06 3.92812 0 0 0 0 31101      0 5.00679e-06  0 3.92812  0 0  0 0  0 0  0 0  0 31101       0 5.00679e-06  0 3.92812  0 0  0 0  0 0  0 0  0 31101 
2 4 0 0.15     1.08 2.06      2.94447e-05 2.02681 0 0 0.0311 0.00582027 15562.5      1 7.86781e-06  1 2.01999  0 0  0 0  0 0.0242503  1 0.00433445  0 15350       0 5.10216e-05  0 2.03363  0 0  0 0  1 0.0379498  0 0.0073061  1 15775 
3 4 0 0.15     0.89 1.45      1.07288e-05 1.39676 0 0 0.0548198 0.00506242 10378      1 8.10623e-06  2 1.38148  0 0  0 0  1 0.0416462  2 0.00256777  0 10237       0 1.3113e-05  1 1.40994  0 0  0 0  2 0.0701051  0 0.00831676  2 10454 
4 4 0 0.15     0.8 1.15      1.46627e-05 1.08189 0 0 0.0608181 0.00618666 7788      3 1.19209e-05  0 1.07264  0 0  0 0  3 0.0440414  2 0.00419879  0 7654       0 1.78814e-05  3 1.09868  0 0  0 0  0 0.0700557  0 0.0118408  3 7869 
1 4 0 0     0.75 11.49      6.19888e-06 11.4791 0 0 0 0 86682      0 6.19888e-06  0 11.4791  0 0  0 0  0 0  0 0  0 86682       0 6.19888e-06  0 11.4791  0 0  0 0  0 0  0 0  0 86682 
1 4 0 0     0.82 13.2      5.96046e-06 13.1999 0 0 0 0 102693      0 5.96046e-06  0 13.1999  0 0  0 0  0 0  0 0  0 102693       0 5.96046e-06  0 13.1999  0 0  0 0  0 0  0 0  0 102693 
2 4 0 0.15     3.19 6.64      7.98702e-06 6.59721 0 0 0.0387892 0.00520468 51358      1 6.91414e-06  1 6.59363  0 0  0 0  0 0.0352051  1 0.0029459  0 51249       0 9.05991e-06  0 6.60078  0 0  0 0  1 0.0423732  0 0.00746346  1 51467 
3 4 0 0.15     2.46 4.78      1.09673e-05 4.70988 0 0 0.0670444 0.00671419 34244      0 1.00136e-05  1 4.68488  0 0  0 0  2 0.0529315  1 0.00362778  2 34130       1 1.28746e-05  2 4.72399  0 0  0 0  1 0.0920441  0 0.0127032  0 34317 
4 4 0 0.15     2.21 3.83      9.90033e-05 3.72501 0 0 0.102682 0.00621855 25686.2      3 9.05991e-06  1 3.70598  0 0  0 0  3 0.0826108  2 0.00387931  0 25606       0 0.000131845  3 3.74517  0 0  0 0  1 0.121686  0 0.0128758  3 25741 
1 4 0 0     0.72 10.9      4.76837e-06 10.901 0 0 0 0 83003      0 4.76837e-06  0 10.901  0 0  0 0  0 0  0 0  0 83003       0 4.76837e-06  0 10.901  0 0  0 0  0 0  0 0  0 83003 
2 4 0 0.15     2.72 5.52      5.00679e-05 5.39681 0 0 0.117025 0.00454414 41513      0 5.96046e-06  0 5.38621  0 0  0 0  1 0.106397  1 0.00245023  0 41421       1 9.41753e-05  1 5.4074  0 0  0 0  0 0.127654  0 0.00663805  1 41605 
2 4 0 0.1     2.72 5.5      7.86781e-06 5.36518 0 0 0.140396 0.00626087 41519      0 6.91414e-06  0 5.25798  0 0  0 0  1 0.0332046  1 0.00300336  0 41116       1 8.82149e-06  1 5.47238  0 0  0 0  0 0.247587  0 0.00951838  1 41922 
2 4 0 0.075     2.79 5.55      1.33514e-05 5.42395 0 0 0.118197 0.00727177 41526      1 6.91414e-06  1 5.36858  0 0  0 0  0 0.062809  1 0.00263238  1 41504       0 1.97887e-05  0 5.47932  0 0  0 0  1 0.173585  0 0.0119112  0 41548 
3 4 0 0.15     2.18 3.83      1.34309e-05 3.70258 0 0 0.126352 0.00504128 27679.3      0 9.05991e-06  2 3.64251  0 0  0 0  0 0.0254595  2 0.00272703  1 27381       1 1.71661e-05  0 3.80346  0 0  0 0  2 0.18643  0 0.00922513  0 28227 
3 4 0 0.1     2.15 3.84      6.5883e-05 3.71387 0 0 0.121268 0.00624418 27685.3      0 1.19209e-05  2 3.64426  0 0  0 0  1 0.0800354  2 0.00246  0 27657       1 9.87053e-05  1 3.75508  0 0  0 0  2 0.190862  0 0.0123487  2 27701 
1 4 0 0     0.71 11.23      5.00679e-06 11.2342 0 0 0 0 86845      0 5.00679e-06  0 11.2342  0 0  0 0  0 0  0 0  0 86845       0 5.00679e-06  0 11.2342  0 0  0 0  0 0  0 0  0 86845 
2 4 0 0.15     2.76 5.75      1.35899e-05 5.64527 0 0 0.0983557 0.00477946 43433.5      1 5.96046e-06  1 5.58887  0 0  0 0  0 0.0419426  1 0.00300956  0 43221       0 2.12193e-05  0 5.70167  0 0  0 0  1 0.154769  0 0.00654936  1 43646 
3 4 0 0.15     2.17 4.05      1.05699e-05 3.92828 0 0 0.11908 0.00603716 28960      1 1.00136e-05  0 3.88788  0 0  0 0  1 0.0758777  2 0.00378633  2 28727       0 1.09673e-05  1 3.97149  0 0  0 0  0 0.159474  0 0.0104747  1 29134 
4 4 0 0.15     1.91 3.46      3.60608e-05 3.17497 0 0 0.276905 0.00587511 21724.2      2 1.19209e-05  1 3.13423  0 0  0 0  2 0.209125  1 0.00293326  0 21622       1 4.50611e-05  2 3.24278  0 0  0 0  1 0.317623  0 0.0136642  1 21896 
1 4 0 0     0.33 3.92      4.05312e-06 3.92572 0 0 0 0 31101      0 4.05312e-06  0 3.92572  0 0  0 0  0 0  0 0  0 31101       0 4.05312e-06  0 3.92572  0 0  0 0  0 0  0 0  0 31101 
2 4 0 0.15     1.09 2.05      1.20401e-05 2.01976 0 0 0.0302523 0.00549567 15562.5      1 5.00679e-06  0 2.01748  0 0  0 0  1 0.0279834  1 0.00420976  0 15350       0 1.90735e-05  1 2.02205  0 0  0 0  0 0.0325212  0 0.00678158  1 15775 
3 4 0 0.15     0.89 1.44      9.93411e-06 1.39193 0 0 0.0549334 0.00543141 10378      2 8.82149e-06  0 1.37438  0 0  0 0  2 0.0347936  1 0.00376034  0 10237       1 1.19209e-05  2 1.41208  0 0  0 0  0 0.0724771  0 0.00830674  2 10454 
4 4 0 0.15     0.79 1.16      1.06692e-05 1.08327 0 0 0.0693696 0.00613207 7788      2 8.82149e-06  0 1.06348  0 0  0 0  3 0.0462687  2 0.00421476  0 7654       0 1.28746e-05  3 1.10638  0 0  0 0  0 0.0891395  0 0.0116699  3 7869 
1 4 0 0     0.72 11.19      3.8147e-06 11.1827 0 0 0 0 86682      0 3.8147e-06  0 11.1827  0 0  0 0  0 0  0 0  0 86682       0 3.8147e-06  0 11.1827  0 0  0 0  0 0  0 0  0 86682 
1 4 0 0     0.8 13.23      4.05312e-06 13.2284 0 0 0 0 102693      0 4.05312e-06  0 13.2284  0 0  0 0  0 0  0 0  0 102693       0 4.05312e-06  0 13.2284  0 0  0 0  0 0  0 0  0 102693 
2 4 0 0.15     3.22 6.77      8.34465e-06 6.72665 0 0 0.0450904 0.00613165 51358      0 7.86781e-06  1 6.72069  0 0  0 0  0 0.039119  1 0.00310421  0 51249       1 8.82149e-06  0 6.73261  0 0  0 0  1 0.0510619  0 0.00915909  1 51467 
3 4 0 0.15     2.46 4.74      6.53267e-05 4.67159 0 0 0.0644298 0.00622622 34244      2 8.82149e-06  0 4.66248  0 0  0 0  2 0.0542288  1 0.00319123  2 34130       0 0.000100136  2 4.68186  0 0  0 0  0 0.0734951  0 0.0112174  0 34317 
4 4 0 0.15     2.19 3.84      0.000145376 3.71918 0 0 0.123082 0.00611269 25686.2      1 1.21593e-05  0 3.68724  0 0  0 0  1 0.0834191  3 0.00367236  0 25606       0 0.000193119  1 3.75897  0 0  0 0  0 0.154958  0 0.0130653  3 25741 
1 4 0 0     0.72 10.66      5.00679e-06 10.6503 0 0 0 0 83003      0 5.00679e-06  0 10.6503  0 0  0 0  0 0  0 0  0 83003       0 5.00679e-06  0 10.6503  0 0  0 0  0 0  0 0  0 83003 
2 4 0 0.15     2.69 5.41      9.05991e-06 5.3221 0 0 0.0849974 0.00524461 41513      0 9.05991e-06  0 5.26725  0 0  0 0  1 0.0301523  1 0.00359583  0 41421       0 9.05991e-06  1 5.37695  0 0  0 0  0 0.139843  0 0.0068934  1 41605 
3 4 0 0.15     2.13 3.83      4.18822e-05 3.70705 0 0 0.123426 0.00518465 27679.3      2 1.28746e-05  1 3.6378  0 0  0 0  0 0.0582857  1 0.00290298  1 27381       1 5.6982e-05  0 3.77217  0 0  0 0  1 0.192669  0 0.0093143  0 28227 
4 4 0 0.15     1.87 3.03      3.53456e-05 2.94055 0 0 0.0915864 0.00598526 20763      3 1.21593e-05  0 2.93623  0 0  0 0  1 0.0847614  2 0.00392437  0 20720       0 5.29289e-05  1 2.94738  0 0  0 0  0 0.0958724  0 0.0118141  1 20811 
1 4 0 0     1.05 17.35      4.05312e-06 17.3459 0 0 0 0 132293      0 4.05312e-06  0 17.3459  0 0  0 0  0 0  0 0  0 132293       0 4.05312e-06  0 17.3459  0 0  0 0  0 0  0 0  0 132293 
2 4 0 0.15     4.1 8.99      1.10865e-05 8.92301 0 0 0.0687228 0.00629973 66161.5      1 8.10623e-06  0 8.92121  0 0  0 0  1 0.066937  1 0.00273752  1 66119       0 1.40667e-05  1 8.92481  0 0  0 0  0 0.0705087  0 0.00986195  0 66204 
3 4 0 0.15     3.25 6.49      4.37101e-05 6.38614 0 0 0.0982548 0.00598709 44109.7      0 1.3113e-05  2 6.35128  0 0  0 0  1 0.0644133  1 0.00323486  0 44103       1 6.10352e-05  1 6.41998  0 0  0 0  2 0.133109  0 0.011411  1 44122 
4 4 0 0.15     2.8 5.48      1.99676e-05 5.30193 0 0 0.170579 0.00716978 33085.8      0 1.38283e-05  0 5.26557  0 0  0 0  2 0.0960896  1 0.00357437  0 32977       1 2.81334e-05  2 5.37643  0 0  0 0  0 0.206936  0 0.0173717  1 33184 
1 4 0 0     1.36 22.58      4.76837e-06 22.5758 0 0 0 0 166001      0 4.76837e-06  0 22.5758  0 0  0 0  0 0  0 0  0 166001       0 4.76837e-06  0 22.5758  0 0  0 0  0 0  0 0  0 166001 
2 4 0 0.15     5.25 12.22      1.15633e-05 12.0602 0 0 0.150507 0.00564742 83013      1 5.96046e-06  0 12.0151  0 0  0 0  1 0.105395  1 0.00282216  1 82988       0 1.71661e-05  1 12.1054  0 0  0 0  0 0.195619  0 0.00847268  0 83038 
3 4 0 0.15     4.04 9.25      0.000233968 9.04174 0 0 0.204025 0.00614134 55345.3      2 1.09673e-05  1 8.97358  0 0  0 0  2 0.0950072  1 0.00278211  1 55220       0 0.000355005  2 9.15099  0 0  0 0  1 0.272097  0 0.0117946  0 55439 
4 4 0 0.15     3.54 8.01      2.68221e-05 7.71254 0 0 0.289337 0.00643098 41512.8      1 1.78814e-05  0 7.58404  0 0  0 0  3 0.201162  1 0.00269008  2 41406       2 4.41074e-05  3 7.80073  0 0  0 0  0 0.417819  0 0.0162327  3 41653 
1 4 0 0     0.71 11.15      4.05312e-06 11.1456 0 0 0 0 86845      0 4.05312e-06  0 11.1456  0 0  0 0  0 0  0 0  0 86845       0 4.05312e-06  0 11.1456  0 0  0 0  0 0  0 0  0 86845 
2 4 0 0.15     2.83 5.89      3.33786e-05 5.72278 0 0 0.161458 0.00467479 43433.5      0 7.86781e-06  1 5.64132  0 0  0 0  0 0.0800114  1 0.00260592  0 43221       1 5.88894e-05  0 5.80424  0 0  0 0  1 0.242904  0 0.00674367  1 43646 
3 4 0 0.15     2.23 3.94      1.00136e-05 3.88333 0 0 0.0513553 0.00616566 28960      0 1.00136e-05  0 3.87819  0 0  0 0  1 0.041779  1 0.00422502  2 28727       0 1.00136e-05  1 3.89291  0 0  0 0  0 0.0564802  0 0.009902  1 29134 
4 4 0 0.15     1.9 3.24      2.0504e-05 3.1259 0 0 0.106706 0.00577956 21724.2      3 1.21593e-05  1 3.11323  0 0  0 0  0 0.0878847  1 0.00266027  0 21622       0 2.40803e-05  0 3.14471  0 0  0 0  1 0.119384  0 0.0136178  1 21896 
1 4 0 0     0.33 3.93      5.00679e-06 3.92914 0 0 0 0 31101      0 5.00679e-06  0 3.92914  0 0  0 0  0 0  0 0  0 31101       0 5.00679e-06  0 3.92914  0 0  0 0  0 0  0 0  0 31101 
2 4 0 0.15     1.08 2.07      1.19209e-05 2.02993 0 0 0.038794 0.00557399 15562.5      1 5.96046e-06  0 2.02069  0 0  0 0  1 0.0295699  1 0.0043211  0 15350       0 1.78814e-05  1 2.03917  0 0  0 0  0 0.0480182  0 0.00682688  1 15775 
3 4 0 0.15     0.88 1.44      4.00543e-05 1.39224 0 0 0.0544648 0.00541027 10378      0 8.10623e-06  2 1.38646  0 0  0 0  0 0.0481873  2 0.0038631  0 10237       1 5.60284e-05  0 1.39854  0 0  0 0  2 0.0602372  0 0.008461  2 10454 
4 4 0 0.15     0.82 1.19      1.13249e-05 1.09257 0 0 0.098325 0.00605953 7788      2 9.05991e-06  0 1.06496  0 0  0 0  3 0.0455611  1 0.00397587  0 7654       3 1.28746e-05  3 1.14533  0 0  0 0  0 0.125916  0 0.0117357  3 7869 
1 4 0 0     0.72 11.23      5.24521e-06 11.2252 0 0 0 0 86682      0 5.24521e-06  0 11.2252  0 0  0 0  0 0  0 0  0 86682       0 5.24521e-06  0 11.2252  0 0  0 0  0 0  0 0  0 86682 
1 4 0 0     0.81 13.35      5.00679e-06 13.3434 0 0 0 0 102693      0 5.00679e-06  0 13.3434  0 0  0 0  0 0  0 0  0 102693       0 5.00679e-06  0 13.3434  0 0  0 0  0 0  0 0  0 102693 
2 4 0 0.15     3.2 6.74      8.34465e-06 6.67344 0 0 0.0588874 0.00522184 51358      1 7.86781e-06  0 6.66911  0 0  0 0  1 0.0545626  1 0.00261617  0 51249       0 8.82149e-06  1 6.67778  0 0  0 0  0 0.0632122  0 0.00782752  1 51467 
3 4 0 0.15     2.54 4.86      9.02017e-05 4.76705 0 0 0.0977581 0.00651598 34244      2 1.28746e-05  2 4.74634  0 0  0 0  1 0.0625947  2 0.00341177  2 34130       1 0.000128984  1 4.80218  0 0  0 0  2 0.118555  0 0.012624  0 34317 
4 4 0 0.15     2.19 3.93      1.14441e-05 3.80493 0 0 0.119519 0.00632864 25686.2      1 1.09673e-05  0 3.7826  0 0  0 0  2 0.0769458  3 0.00377941  0 25606       0 1.19209e-05  2 3.84751  0 0  0 0  0 0.141828  0 0.0134177  3 25741 
1 4 0 0     0.69 10.64      5.24521e-06 10.6341 0 0 0 0 83003      0 5.24521e-06  0 10.6341  0 0  0 0  0 0  0 0  0 83003       0 5.24521e-06  0 10.6341  0 0  0 0  0 0  0 0  0 83003 
2 4 0 0.15     2.68 5.46      3.19481e-05 5.3523 0 0 0.103546 0.00456572 41513      1 5.96046e-06  0 5.2897  0 0  0 0  1 0.0409799  1 0.00243354  0 41421       0 5.79357e-05  1 5.4149  0 0  0 0  0 0.166112  0 0.00669789  1 41605 
3 4 0 0.15     2.14 3.91      4.2359e-05 3.74795 0 0 0.162082 0.00528701 27679.3      1 7.86781e-06  1 3.67463  0 0  0 0  0 0.102277  1 0.00304937  1 27381       2 6.00815e-05  0 3.80773  0 0  0 0  1 0.235414  0 0.00932288  0 28227 
4 4 0 0.15     1.89 3.04      1.49012e-05 2.94155 0 0 0.102835 0.00620496 20763      2 9.77516e-06  0 2.91555  0 0  0 0  3 0.067121  1 0.00412607  0 20720       0 2.69413e-05  3 2.97728  0 0  0 0  0 0.128804  0 0.0119944  1 20811 
1 4 0 0     1.06 17.43      5.72205e-06 17.4202 0 0 0 0 132293      0 5.72205e-06  0 17.4202  0 0  0 0  0 0  0 0  0 132293       0 5.72205e-06  0 17.4202  0 0  0 0  0 0  0 0  0 132293 
2 4 0 0.15     4.23 9.14      1.12057e-05 8.95169 0 0 0.187261 0.00606036 66161.5      0 8.34465e-06  0 8.86657  0 0  0 0  1 0.102152  1 0.0025146  1 66119       1 1.40667e-05  1 9.03681  0 0  0 0  0 0.272371  0 0.00960612  0 66204 
3 4 0 0.15     3.24 6.46      5.49952e-05 6.35564 0 0 0.10763 0.00616328 44109.7      0 1.88351e-05  2 6.31183  0 0  0 0  0 0.0781643  2 0.00310636  0 44103       1 7.72476e-05  0 6.38513  0 0  0 0  2 0.151434  0 0.0122247  1 44122 
4 4 0 0.15     2.81 5.45      1.60336e-05 5.29167 0 0 0.161903 0.00687283 33085.8      1 1.40667e-05  1 5.24802  0 0  0 0  3 0.0951569  1 0.00328803  0 32977       2 1.90735e-05  3 5.35842  0 0  0 0  1 0.205558  0 0.0166793  1 33184 
1 4 0 0     1.32 22.91      5.00679e-06 22.905 0 0 0 0 166001      0 5.00679e-06  0 22.905  0 0  0 0  0 0  0 0  0 166001       0 5.00679e-06  0 22.905  0 0  0 0  0 0  0 0  0 166001 
2 4 0 0.15     5.14 12.17      2.46763e-05 12.0466 0 0 0.123432 0.00589526 83013      1 9.29832e-06  0 12.0433  0 0  0 0  1 0.120173  1 0.0027895  1 82988       0 4.00543e-05  1 12.0499  0 0  0 0  0 0.126691  0 0.00900102  0 83038 
3 4 0 0.15     4.07 9.3      4.68095e-05 9.08766 0 0 0.207449 0.00587916 55345.3      2 1.4782e-05  0 8.99307  0 0  0 0  1 0.103419  1 0.00268626  1 55220       0 7.1764e-05  1 9.19169  0 0  0 0  0 0.302007  0 0.011656  0 55439 
4 4 0 0.15     3.53 7.93      1.93715e-05 7.67096 0 0 0.253138 0.00626129 41512.8      0 1.09673e-05  2 7.56951  0 0  0 0  3 0.111117  1 0.00286222  2 41406       2 3.12328e-05  3 7.81299  0 0  0 0  2 0.354585  0 0.0154984  3 41653 
1 1 0 0     0.0999999 0      0 5.6982e-05 0 0 0 0 0      0 0  0 5.6982e-05  0 0  0 0  0 0  0 0  0 0       0 0  0 5.6982e-05  0 0  0 0  0 0  0 0  0 0 
2 1 0 0     0.11 0      4.41074e-06 6.2108e-05 0 0 0 0 0      1 1.90735e-06  0 5.60284e-05  0 0  0 0  0 0  0 0  0 0       0 6.91414e-06  1 6.81877e-05  0 0  0 0  0 0  0 0  0 0 
4 1 0 0     0.16 0      4.47035e-06 6.29425e-05 0 0 0 0 0      0 9.53674e-07  0 6.10352e-05  0 0  0 0  0 0  0 0  0 0       3 5.96046e-06  3 6.38962e-05  0 0  0 0  0 0  0 0  0 0 
1 2 0 0     0.0899999 0      9.53674e-07 5.31673e-05 0 0 0 0 0      0 9.53674e-07  0 5.31673e-05  0 0  0 0  0 0  0 0  0 0       0 9.53674e-07  0 5.31673e-05  0 0  0 0  0 0  0 0  0 0 
2 2 0 0     0.11 0      2.5034e-06 5.44786e-05 0 0 0 0 0      1 1.90735e-06  1 5.31673e-05  0 0  0 0  0 0  0 0  0 0       0 3.09944e-06  0 5.57899e-05  0 0  0 0  0 0  0 0  0 0 
4 2 0 0     0.18 0      1.0252e-05 6.65188e-05 0 0 0 0 0      0 1.90735e-06  0 6.10352e-05  0 0  0 0  0 0  0 0  0 0       3 1.5974e-05  1 7.29561e-05  0 0  0 0  0 0  0 0  0 0 
1 3 0 0     0.0999999 0      9.53674e-07 5.50747e-05 0 0 0 0 0      0 9.53674e-07  0 5.50747e-05  0 0  0 0  0 0  0 0  0 0       0 9.53674e-07  0 5.50747e-05  0 0  0 0  0 0  0 0  0 0 
2 3 0 0     0.11 0      4.41074e-06 7.4029e-05 0 0 0 0 0      1 2.86102e-06  0 6.79493e-05  0 0  0 0  0 0  0 0  0 0       0 5.96046e-06  1 8.01086e-05  0 0  0 0  0 0  0 0  0 0 
4 3 0 0     0.15 0      4.88758e-06 6.41942e-05 0 0 0 0 0      0 1.19209e-06  0 6.19888e-05  0 0  0 0  0 0  0 0  0 0       3 7.15256e-06  1 6.60419e-05  0 0  0 0  0 0  0 0  0 0 
1 4 0 0     0.5 10.63      1.90735e-06 10.6247 0 0 0 0 65135      0 1.90735e-06  0 10.6247  0 0  0 0  0 0  0 0  0 65135       0 1.90735e-06  0 10.6247  0 0  0 0  0 0  0 0  0 65135 
1 4 0 0.01875     1.16 3.89      1.19209e-06 3.88279 0 0 0.00970125 0.00937819 23423      0 1.19209e-06  0 3.88279  0 0  0 0  0 0.00970125  0 0.00937819  0 23423       0 1.19209e-06  0 3.88279  0 0  0 0  0 0.00970125  0 0.00937819  0 23423 
1 4 0 0.01875     1.17 3.98      2.86102e-06 3.97444 0 0 0.00989413 0.00959301 23423      0 2.86102e-06  0 3.97444  0 0  0 0  0 0.00989413  0 0.00959301  0 23423       0 2.86102e-06  0 3.97444  0 0  0 0  0 0.00989413  0 0.00959301  0 23423 
2 4 0 0.01875     0.79 2.14      5.60284e-06 2.09353 0 0 0.0464392 0.00917649 11755.5      1 4.05312e-06  1 2.09196  0 0  0 0  0 0.0448575  1 0.000140667  0 11726       0 7.15256e-06  0 2.09511  0 0  0 0  1 0.0480208  0 0.0182123  1 11785 
2 4 0 0.01875     0.83 21.69      7.06911e-05 21.2127 0 0 0.472219 0.0924644 11755.5      1 2.43187e-05  0 21.0705  0 0  0 0  1 0.330092  1 0.0014894  0 11726       0 0.000117064  1 21.3549  0 0  0 0  0 0.614347  0 0.183439  1 11785 
1 4 0 0.01875     1.2 39.13      1.4782e-05 39.0302 0 0 0.0975728 0.0943718 23423      0 1.4782e-05  0 39.0302  0 0  0 0  0 0.0975728  0 0.0943718  0 23423       0 1.4782e-05  0 39.0302  0 0  0 0  0 0.0975728  0 0.0943718  0 23423 
1 4 0 0.3     0.24 37.84      1.09673e-05 37.8373 0 0 0 0 23327      0 1.09673e-05  0 37.8373  0 0  0 0  0 0  0 0  0 23327       0 1.09673e-05  0 37.8373  0 0  0 0  0 0  0 0  0 23327 
4 4 0 0.01875     0.86 13.53      0.000133693 12.5521 0 0 0.973939 0.0985496 5917.75      0 4.29153e-05  2 12.1913  0 0  0 0  0 0.60551  2 0.00146866  2 5902       2 0.000208855  0 12.9206  0 0  0 0  2 1.33471  0 0.389652  1 5925 
1 4 0 0.0046875     1.25 40.15      1.52588e-05 39.8048 0 0 0.34564 0.342283 23671      0 1.52588e-05  0 39.8048  0 0  0 0  0 0.34564  0 0.342283  0 23671       0 1.52588e-05  0 39.8048  0 0  0 0  0 0.34564  0 0.342283  0 23671 
1 4 0 0.075     1.15 38.52      1.33514e-05 38.4957 0 0 0.0285039 0.0251725 23351      0 1.33514e-05  0 38.4957  0 0  0 0  0 0.0285039  0 0.0251725  0 23351       0 1.33514e-05  0 38.4957  0 0  0 0  0 0.0285039  0 0.0251725  0 23351 
1 4 0 0.075     1.15 38.47      1.12057e-05 38.4408 0 0 0.0284905 0.0251753 23351      0 1.12057e-05  0 38.4408  0 0  0 0  0 0.0284905  0 0.0251753  0 23351       0 1.12057e-05  0 38.4408  0 0  0 0  0 0.0284905  0 0.0251753  0 23351 
1 1 0 0     0.0999999 0      0 5.29289e-05 0 0 0 0 0      0 0  0 5.29289e-05  0 0  0 0  0 0  0 0  0 0       0 0  0 5.29289e-05  0 0  0 0  0 0  0 0  0 0 
2 1 0 0     0.12 0      3.45707e-06 5.43594e-05 0 0 0 0 0      0 9.53674e-07  0 5.38826e-05  0 0  0 0  0 0  0 0  0 0       1 5.96046e-06  1 5.48363e-05  0 0  0 0  0 0  0 0  0 0 
4 1 0 0     0.18 0      4.52995e-06 6.59823e-05 0 0 0 0 0      2 2.14577e-06  0 6.00815e-05  0 0  0 0  0 0  0 0  0 0       1 5.96046e-06  2 6.98566e-05  0 0  0 0  0 0  0 0  0 0 
1 2 0 0     0.0999999 0      0 6.38962e-05 0 0 0 0 0      0 0  0 6.38962e-05  0 0  0 0  0 0  0 0  0 0       0 0  0 6.38962e-05  0 0  0 0  0 0  0 0  0 0 
2 2 0 0     0.11 0      3.93391e-06 5.40018e-05 0 0 0 0 0      0 1.90735e-06  0 5.29289e-05  0 0  0 0  0 0  0 0  0 0       1 5.96046e-06  1 5.50747e-05  0 0  0 0  0 0  0 0  0 0 
4 2 0 0     0.15 0      8.64267e-06 6.48499e-05 0 0 0 0 0      2 9.53674e-07  0 6.10352e-05  0 0  0 0  0 0  0 0  0 0       3 1.28746e-05  2 7.31945e-05  0 0  0 0  0 0  0 0  0 0 
1 3 0 0     0.0999999 0      0 0.000102043 0 0 0 0 0      0 0  0 0.000102043  0 0  0 0  0 0  0 0  0 0       0 0  0 0.000102043  0 0  0 0  0 0  0 0  0 0 
2 3 0 0     0.11 0      3.45707e-06 5.40018e-05 0 0 0 0 0      0 9.53674e-07  0 5.29289e-05  0 0  0 0  0 0  0 0  0 0       1 5.96046e-06  1 5.50747e-05  0 0  0 0  0 0  0 0  0 0 
4 3 0 0     0.16 0      4.82798e-06 6.3777e-05 0 0 0 0 0      0 2.14577e-06  0 6.10352e-05  0 0  0 0  0 0  0 0  0 0       3 8.10623e-06  1 6.79493e-05  0 0  0 0  0 0  0 0  0 0 
1 4 0 0.075     1.15 38.49      1.07288e-05 38.4651 0 0 0.0283856 0.0253043 23351      0 1.07288e-05  0 38.4651  0 0  0 0  0 0.0283856  0 0.0253043  0 23351       0 1.07288e-05  0 38.4651  0 0  0 0  0 0.0283856  0 0.0253043  0 23351 
1 4 0 0.075     1.15 38.45      1.28746e-05 38.4227 0 0 0.0290222 0.0258713 23351      0 1.28746e-05  0 38.4227  0 0  0 0  0 0.0290222  0 0.0258713  0 23351       0 1.28746e-05  0 38.4227  0 0  0 0  0 0.0290222  0 0.0258713  0 23351 
4 4 0 0.075     0.65 0.12      4.76837e-06 0.119481 0 0 0.00355744 0.000270128 5855.75      2 3.09944e-06  1 0.118556  0 0  0 0  0 0.00249839  1 7.62939e-06  1 5799       1 6.91414e-06  0 0.120534  0 0  0 0  1 0.00448346  0 0.00104833  2 5893 
4 4 0 0.075     0.65 0.18      5.1856e-05 0.145078 0 0 0.0322104 0.000277817 5855.75      2 3.09944e-06  0 0.115288  0 0  0 0  3 0.00249648  1 5.96046e-06  1 5799       1 0.000101089  3 0.174843  0 0  0 0  0 0.0619457  0 0.00106335  2 5893 
64 4 0 0.0046875     8.75 2.62      0.00159412 0.0165642 0 0 2.59396 0.00110391 425.219      11 0.000607014  25 0.0147796  0 0  0 0  52 2.5928  36 1.14441e-05  33 420       30 0.00264502  21 0.0180171  0 0  0 0  25 2.59599  0 0.0693583  38 429 
64 4 0 0.0046875     7.96 2.03      0.00110555 0.0163218 0 0 2.00609 0.00116964 425.219      33 0.000550985  35 0.0151875  0 0  0 0  47 2.00516  19 8.82149e-06  26 420       52 0.00172806  47 0.0177026  0 0  0 0  41 2.00764  0 0.0736573  38 429 
1 4 0 0.075     1.13 0.2      2.14577e-06 0.192077 0 0 0.000144482 0.000130177 23351      0 2.14577e-06  0 0.192077  0 0  0 0  0 0.000144482  0 0.000130177  0 23351       0 2.14577e-06  0 0.192077  0 0  0 0  0 0.000144482  0 0.000130177  0 23351 
1 4 0 0.075     1.14 3.85      1.90735e-06 3.83985 0 0 0.00291586 0.00261545 23351      0 1.90735e-06  0 3.83985  0 0  0 0  0 0.00291586  0 0.00261545  0 23351       0 1.90735e-06  0 3.83985  0 0  0 0  0 0.00291586  0 0.00261545  0 23351 
1 4 0 0.075     1.15 2.5      9.53674e-07 2.49751 0 0 0.00502348 0.00423598 23351      0 9.53674e-07  0 2.49751  0 0  0 0  0 0.00502348  0 0.00423598  0 23351       0 9.53674e-07  0 2.49751  0 0  0 0  0 0.00502348  0 0.00423598  0 23351 
1 4 0 0.075     1.15 1.83      9.53674e-07 1.81898 0 0 0.0053308 0.00435901 23351      0 9.53674e-07  0 1.81898  0 0  0 0  0 0.0053308  0 0.00435901  0 23351       0 9.53674e-07  0 1.81898  0 0  0 0  0 0.0053308  0 0.00435901  0 23351 
2 4 0 0.0375     0.78 1.61      1.06096e-05 1.36426 0 0 0.244412 0.00583041 11711.5      1 6.19888e-06  0 1.25349  0 0  0 0  1 0.133649  1 0.00022459  0 11700       0 1.50204e-05  1 1.47503  0 0  0 0  0 0.355176  0 0.0114362  1 11723 
64 4 0 0.0046875     8.15 25.73      0.00283651 0.160134 0 0 25.5545 0.0112577 425.219      44 0.00235295  35 0.146859  0 0  0 0  18 25.5381  54 0.000152349  32 420       5 0.00357294  18 0.176815  0 0  0 0  35 25.5679  0 0.70769  38 429 
64 4 0 0.0046875     7.9 25.94      0.00278973 0.167574 0 0 25.7661 0.0115704 425.219      26 0.00227308  53 0.15127  0 0  0 0  0 25.7546  45 0.000168562  32 420       11 0.0032382  0 0.179191  0 0  0 0  53 25.7815  0 0.727355  38 429 
64 4 0 0.0046875     8.03 25.92      0.00317948 0.167162 0 0 25.7446 0.0113876 425.219      46 0.00254011  26 0.150697  0 0  0 0  0 25.7119  53 0.000166178  30 420       41 0.00376964  0 0.199247  0 0  0 0  26 25.7612  0 0.715724  38 429 
64 4 0 0.0046875     8.19 26.3      0.00337259 0.166307 0 0 26.1232 0.0113646 425.219      58 0.0028441  28 0.151904  0 0  0 0  5 26.1097  57 0.000172138  24 420       0 0.00402069  5 0.179671  0 0  0 0  28 26.1371  0 0.714828  38 429 
64 4 0 0.0046875     7.97 26.06      0.00283184 0.167035 0 0 25.8784 0.0119431 425.219      34 0.00212574  22 0.157223  0 0  0 0  0 25.862  16 0.000170231  32 420       16 0.00334072  0 0.182811  0 0  0 0  22 25.8884  0 0.75078  38 429 
1 4 0 0.3     0.24 3.78      2.14577e-06 3.77952 0 0 0 0 23327      0 2.14577e-06  0 3.77952  0 0  0 0  0 0  0 0  0 23327       0 2.14577e-06  0 3.77952  0 0  0 0  0 0  0 0  0 23327 
1 4 0 0.3     0.23 3.79      2.14577e-06 3.78135 0 0 0 0 23327      0 2.14577e-06  0 3.78135  0 0  0 0  0 0  0 0  0 23327       0 2.14577e-06  0 3.78135  0 0  0 0  0 0  0 0  0 23327 
4 4 0 0.075     0.65 1.24      1.13249e-05 1.19685 0 0 0.036545 0.00278038 5855.75      2 1.00136e-05  1 1.17915  0 0  0 0  0 0.0204751  2 0.000144482  1 5799       1 1.40667e-05  0 1.21291  0 0  0 0  1 0.0542395  0 0.0106533  2 5893 
2 4 0 0.15     0.78 2.06      8.46386e-06 2.02904 0 0 0.0280155 0.00144088 11675.5      1 4.05312e-06  0 2.02226  0 0  0 0  1 0.0212481  1 0.00015378  0 11487       0 1.28746e-05  1 2.03581  0 0  0 0  0 0.0347829  0 0.00272799  1 11864 
2 4 0 0.15     0.77 2.03      8.10623e-06 2.00388 0 0 0.0254298 0.00134945 11675.5      1 3.09944e-06  0 1.99025  0 0  0 0  1 0.0118096  1 0.000154495  0 11487       0 1.3113e-05  1 2.01751  0 0  0 0  0 0.0390501  0 0.0025444  1 11864 
2 4 0 0.15     0.79 2.08      8.10623e-06 2.03943 0 0 0.0339986 0.00143003 11675.5      1 3.09944e-06  1 2.03719  0 0  0 0  0 0.0317504  1 0.000178099  0 11487       0 1.3113e-05  0 2.04167  0 0  0 0  1 0.0362468  0 0.00268197  1 11864 
2 4 0 0.15     0.77 2.06      6.91414e-06 2.02207 0 0 0.0295269 0.0013566 11675.5      1 1.90735e-06  0 2.0031  0 0  0 0  1 0.0105605  1 0.000151396  0 11487       0 1.19209e-05  1 2.04105  0 0  0 0  0 0.0484934  0 0.00256181  1 11864 
2 4 0 0.15     0.76 2.05      7.98702e-06 2.0149 0 0 0.0330887 0.00137138 11675.5      1 1.90735e-06  0 1.99188  0 0  0 0  1 0.0100734  1 0.000155449  0 11487       0 1.40667e-05  1 2.03793  0 0  0 0  0 0.0561039  0 0.00258732  1 11864 
2 4 0 0.15     0.77 2.09      1.03712e-05 2.03855 0 0 0.0434976 0.00146139 11675.5      1 2.86102e-06  0 2.00537  0 0  0 0  1 0.0103359  1 0.00022459  0 11487       0 1.78814e-05  1 2.07172  0 0  0 0  0 0.0766592  0 0.00269818  1 11864 
2 4 0 0.15     0.77 2.04      7.86781e-06 2.01095 0 0 0.0239674 0.00136626 11675.5      1 2.86102e-06  0 2.00201  0 0  0 0  1 0.0150361  1 0.000121832  0 11487       0 1.28746e-05  1 2.01989  0 0  0 0  0 0.0328987  0 0.00261068  1 11864 
2 4 0 0.15     0.79 2.03      6.91414e-06 2.01058 0 0 0.0240129 0.00137961 11675.5      1 2.86102e-06  0 2.0017  0 0  0 0  1 0.0151422  1 0.00017333  0 11487       0 1.09673e-05  1 2.01946  0 0  0 0  0 0.0328836  0 0.00258589  1 11864 
2 4 0 0.15     0.78 2.04      7.98702e-06 2.02148 0 0 0.0212717 0.00138128 11675.5      1 4.05312e-06  0 2.01084  0 0  0 0  1 0.0106347  1 0.000169277  0 11487       0 1.19209e-05  1 2.03213  0 0  0 0  0 0.0319088  0 0.00259328  1 11864 
2 4 0 0.15     0.78 2.07      7.86781e-06 2.03879 0 0 0.0327867 0.00133049 11675.5      1 3.8147e-06  0 2.0166  0 0  0 0  1 0.0106096  1 0.000177383  0 11487       0 1.19209e-05  1 2.06097  0 0  0 0  0 0.0549638  0 0.00248361  1 11864 
2 4 0 0.15     0.78 2.04      7.62939e-06 2.00895 0 0 0.0252842 0.00140476 11675.5      1 3.09944e-06  0 1.99345  0 0  0 0  1 0.00979471  1 0.000138044  0 11487       0 1.21593e-05  1 2.02445  0 0  0 0  0 0.0407736  0 0.00267148  1 11864 
2 4 0 0.15     0.79 2.04      9.05991e-06 2.01235 0 0 0.0267103 0.0013411 11675.5      1 4.05312e-06  0 1.99548  0 0  0 0  1 0.00985432  1 0.000149012  0 11487       0 1.40667e-05  1 2.02921  0 0  0 0  0 0.0435662  0 0.0025332  1 11864 
2 4 0 0.15     0.77 2.06      8.10623e-06 2.02241 0 0 0.0303918 0.00135601 11675.5      1 2.14577e-06  0 2.00175  0 0  0 0  1 0.00974536  1 0.000127792  0 11487       0 1.40667e-05  1 2.04306  0 0  0 0  0 0.0510383  0 0.00258422  1 11864 
2 4 0 0.15     0.78 2.05      7.03335e-06 2.03392 0 0 0.0188464 0.00136888 11675.5      1 3.09944e-06  0 2.02557  0 0  0 0  1 0.0104973  1 0.000147343  0 11487       0 1.09673e-05  1 2.04228  0 0  0 0  0 0.0271955  0 0.00259042  1 11864 
2 4 0 0.15     0.77 2.03      8.58307e-06 2.00303 0 0 0.0239497 0.00135648 11675.5      1 4.05312e-06  0 1.98899  0 0  0 0  1 0.00991488  1 0.00013423  0 11487       0 1.3113e-05  1 2.01707  0 0  0 0  0 0.0379846  0 0.00257874  1 11864 
2 4 0 0.15     0.78 2.03      8.34465e-06 2.00834 0 0 0.0218922 0.00136077 11675.5      1 3.8147e-06  0 1.99615  0 0  0 0  1 0.00970697  1 0.000143528  0 11487       0 1.28746e-05  1 2.02054  0 0  0 0  0 0.0340774  0 0.00257802  1 11864 
2 4 0 0.15     0.78 2.06      8.9407e-06 2.02278 0 0 0.0330538 0.00136042 11675.5      1 4.05312e-06  0 1.99965  0 0  0 0  1 0.00993514  1 0.00015521  0 11487       0 1.38283e-05  1 2.0459  0 0  0 0  0 0.0561724  0 0.00256562  1 11864 
2 4 0 0.15     0.76 2.03      8.58307e-06 2.00282 0 0 0.0254343 0.00138021 11675.5      1 4.05312e-06  0 1.98695  0 0  0 0  1 0.00956392  1 0.000121355  0 11487       0 1.3113e-05  1 2.0187  0 0  0 0  0 0.0413046  0 0.00263906  1 11864 
2 4 0 0.15     0.77 2.06      7.98702e-06 2.03748 0 0 0.0260706 0.00139952 11675.5      1 4.05312e-06  0 2.02146  0 0  0 0  1 0.0100617  1 0.000161648  0 11487       0 1.19209e-05  1 2.0535  0 0  0 0  0 0.0420794  0 0.00263739  1 11864 
2 4 0 0.15     0.77 2.08      8.10623e-06 2.03999 0 0 0.0381348 0.00137007 11675.5      1 3.09944e-06  0 2.01247  0 0  0 0  1 0.0106187  1 0.000158072  0 11487       0 1.3113e-05  1 2.06752  0 0  0 0  0 0.0656509  0 0.00258207  1 11864 
2 4 0 0.15     0.78 2.02      7.51019e-06 2.00324 0 0 0.0231513 0.00135303 11675.5      1 3.09944e-06  0 1.99528  0 0  0 0  1 0.0152082  1 0.000159502  0 11487       0 1.19209e-05  1 2.01119  0 0  0 0  0 0.0310943  0 0.00254655  1 11864 
2 4 0 0.15     0.78 2.06      8.9407e-06 2.0298 0 0 0.0308597 0.00135589 11675.5      1 2.86102e-06  0 2.02587  0 0  0 0  1 0.0269716  1 0.000160217  0 11487       0 1.50204e-05  1 2.03372  0 0  0 0  0 0.0347478  0 0.00255156  1 11864 
2 4 0 0.15     0.77 2.06      6.55651e-06 2.02995 0 0 0.0288309 0.00135958 11675.5      1 3.09944e-06  0 2.01076  0 0  0 0  1 0.00965357  1 0.000138998  0 11487       0 1.00136e-05  1 2.04913  0 0  0 0  0 0.0480082  0 0.00258017  1 11864 
2 4 0 0.15     0.77 2.03      8.10623e-06 2.00535 0 0 0.0269657 0.00137198 11675.5      1 3.09944e-06  0 1.98854  0 0  0 0  1 0.010165  1 0.000177383  0 11487       0 1.3113e-05  1 2.02216  0 0  0 0  0 0.0437665  0 0.00256658  1 11864 
2 4 0 0.15     0.78 2.09      9.05991e-06 2.04557 0 0 0.0447404 0.00138843 11675.5      1 4.05312e-06  0 2.01229  0 0  0 0  1 0.011471  1 0.00014925  0 11487       0 1.40667e-05  1 2.07885  0 0  0 0  0 0.0780098  0 0.00262761  1 11864 
2 4 0 0.15     0.77 2.2      1.00136e-05 2.12217 0 0 0.0771283 0.00151801 11675.5      1 4.05312e-06  0 2.06521  0 0  0 0  1 0.0201836  1 0.000158072  0 11487       0 1.5974e-05  1 2.17912  0 0  0 0  0 0.134073  0 0.00287795  1 11864 
2 4 0 0.15     0.77 2.05      8.10623e-06 2.02061 0 0 0.0276955 0.00137627 11675.5      1 3.09944e-06  0 2.00342  0 0  0 0  1 0.0105214  1 0.000188351  0 11487       0 1.3113e-05  1 2.03779  0 0  0 0  0 0.0448697  0 0.00256419  1 11864 
2 4 0 0.15     0.77 2.04      8.10623e-06 2.01635 0 0 0.0273291 0.00134563 11675.5      1 3.09944e-06  0 2.00878  0 0  0 0  1 0.019763  1 0.000127077  0 11487       0 1.3113e-05  1 2.02393  0 0  0 0  0 0.0348952  0 0.00256419  1 11864 
2 4 0 0.15     0.76 2.06      2.58684e-05 2.0227 0 0 0.0284539 0.00133431 11675.5      0 3.8147e-06  0 2.01629  0 0  0 0  1 0.0220258  1 0.000146627  0 11487       1 4.79221e-05  1 2.02911  0 0  0 0  0 0.0348821  0 0.00252199  1 11864 
2 4 0 0.15     0.78 2.04      8.10623e-06 2.00962 0 0 0.0260444 0.00137413 11675.5      1 4.05312e-06  0 2.00353  0 0  0 0  1 0.0199697  1 0.000166655  0 11487       0 1.21593e-05  1 2.0157  0 0  0 0  0 0.032119  0 0.0025816  1 11864 
2 4 0 0.15     0.79 2.05      6.91414e-06 2.03163 0 0 0.0227529 0.00136626 11675.5      1 1.90735e-06  0 2.02137  0 0  0 0  1 0.0125046  1 0.000123501  0 11487       0 1.19209e-05  1 2.04189  0 0  0 0  0 0.0330012  0 0.00260901  1 11864 
2 4 0 0.15     0.77 2.1      8.46386e-06 2.05747 0 0 0.0347149 0.00138903 11675.5      1 1.90735e-06  0 2.03274  0 0  0 0  1 0.00999117  1 0.000160217  0 11487       0 1.50204e-05  1 2.08221  0 0  0 0  0 0.0594387  0 0.00261784  1 11864 
2 4 0 0.15     0.77 2.04      7.51019e-06 2.01432 0 0 0.0274397 0.00136817 11675.5      1 3.09944e-06  0 2.00826  0 0  0 0  1 0.0213892  1 0.000164509  0 11487       0 1.19209e-05  1 2.02038  0 0  0 0  0 0.0334902  0 0.00257182  1 11864 
2 4 0 0.15     0.78 2.12      7.51019e-06 2.08397 0 0 0.0343124 0.00144708 11675.5      1 3.09944e-06  0 2.08385  0 0  0 0  1 0.0342038  1 0.000155687  0 11487       0 1.19209e-05  1 2.08409  0 0  0 0  0 0.034421  0 0.00273848  1 11864 
2 4 0 0.15     0.78 2.03      6.91414e-06 2.00103 0 0 0.0233426 0.00137877 11675.5      1 1.90735e-06  0 1.988  0 0  0 0  1 0.0103164  1 0.000190973  0 11487       0 1.19209e-05  1 2.01407  0 0  0 0  0 0.0363688  0 0.00256658  1 11864 
2 4 0 0.15     0.76 2.03      7.51019e-06 2.0037 0 0 0.0204144 0.0013535 11675.5      1 3.09944e-06  0 1.99436  0 0  0 0  1 0.011085  1 0.000150442  0 11487       0 1.19209e-05  1 2.01303  0 0  0 0  0 0.0297437  0 0.00255656  1 11864 
2 4 0 0.15     0.76 2.11      1.74046e-05 2.07337 0 0 0.0268449 0.00140381 11675.5      1 2.86102e-06  0 2.06722  0 0  0 0  1 0.0207052  1 0.000158072  0 11487       0 3.19481e-05  1 2.07953  0 0  0 0  0 0.0329845  0 0.00264955  1 11864 
2 4 0 0.15     0.77 2.03      7.39098e-06 2.00725 0 0 0.0216553 0.00139225 11675.5      1 2.86102e-06  0 1.99768  0 0  0 0  1 0.0120966  1 0.000159264  0 11487       0 1.19209e-05  1 2.01682  0 0  0 0  0 0.031214  0 0.00262523  1 11864 
2 4 0 0.15     0.77 2.03      8.58307e-06 2.00374 0 0 0.0258138 0.00136566 11675.5      1 3.09944e-06  0 1.99296  0 0  0 0  1 0.0150411  1 0.000129938  0 11487       0 1.40667e-05  1 2.01452  0 0  0 0  0 0.0365865  0 0.00260139  1 11864 
2 4 0 0.15     0.79 2.08      1.65701e-05 2.00299 0 0 0.0779452 0.00142193 11675.5      1 3.09944e-06  0 1.93566  0 0  0 0  1 0.0106335  1 0.000175714  0 11487       0 3.00407e-05  1 2.07032  0 0  0 0  0 0.145257  0 0.00266814  1 11864 
2 4 0 0.15     0.77 2.05      2.65837e-05 2.02536 0 0 0.0292913 0.00144923 11675.5      0 4.05312e-06  0 2.02082  0 0  0 0  1 0.0247405  1 0.000142574  0 11487       1 4.91142e-05  1 2.02989  0 0  0 0  0 0.0338421  0 0.00275588  1 11864 
2 4 0 0.15     0.78 2.17      5.36442e-06 2.08805 0 0 0.083886 0.00138128 11675.5      1 1.90735e-06  0 2.01436  0 0  0 0  1 0.0101984  1 0.000139952  0 11487       0 8.82149e-06  1 2.16175  0 0  0 0  0 0.157574  0 0.0026226  1 11864 
1 4 0 0.3     0.24 3.78      9.53674e-07 3.77423 0 0 0 0 23327      0 9.53674e-07  0 3.77423  0 0  0 0  0 0  0 0  0 23327       0 9.53674e-07  0 3.77423  0 0  0 0  0 0  0 0  0 23327 
1 1 0 0     0.0999999 0      5.00679e-06 0.00102901 0 0 0 0 0      0 5.00679e-06  0 0.00102901  0 0  0 0  0 0  0 0  0 0       0 5.00679e-06  0 0.00102901  0 0  0 0  0 0  0 0  0 0 
2 1 0 0     0.12 0      8.65459e-05 0.00114083 0 0 0 0 0      0 1.00136e-05  1 0.00110078  0 0  0 0  0 0  0 0  0 0       1 0.000163078  0 0.00118089  0 0  0 0  0 0  0 0  0 0 
4 1 0 0     0.16 0      6.17504e-05 0.00121498 0 0 0 0 0      1 1.78814e-05  0 0.00117183  0 0  0 0  0 0  0 0  0 0       0 9.5129e-05  1 0.00126314  0 0  0 0  0 0  0 0  0 0 
1 2 0 0     0.1 0      6.19888e-06 0.00117683 0 0 0 0 0      0 6.19888e-06  0 0.00117683  0 0  0 0  0 0  0 0  0 0       0 6.19888e-06  0 0.00117683  0 0  0 0  0 0  0 0  0 0 
2 2 0 0     0.12 0      1.03712e-05 0.00111604 0 0 0 0 0      0 1.00136e-05  1 0.00107217  0 0  0 0  0 0  0 0  0 0       1 1.07288e-05  0 0.00115991  0 0  0 0  0 0  0 0  0 0 
4 2 0 0     0.18 0      0.000236809 0.0012455 0 0 0 0 0      1 2.40803e-05  0 0.00115108  0 0  0 0  0 0  0 0  0 0       0 0.00032711  1 0.00145793  0 0  0 0  0 0  0 0  0 0 
1 3 0 0     0.0999999 0      6.91414e-06 0.00114393 0 0 0 0 0      0 6.91414e-06  0 0.00114393  0 0  0 0  0 0  0 0  0 0       0 6.91414e-06  0 0.00114393  0 0  0 0  0 0  0 0  0 0 
2 3 0 0     0.11 0      0.000100374 0.00116062 0 0 0 0 0      0 8.82149e-06  1 0.00110412  0 0  0 0  0 0  0 0  0 0       1 0.000191927  0 0.00121713  0 0  0 0  0 0  0 0  0 0 
4 3 0 0     0.16 0      7.93338e-05 0.00123531 0 0 0 0 0      2 2.31266e-05  3 0.00116086  0 0  0 0  0 0  0 0  0 0       3 0.000154018  2 0.00130177  0 0  0 0  0 0  0 0  0 0 
1 4 0 0.3     0.25 3.52      1.00136e-05 3.52412 0 0 0 0 23327      0 1.00136e-05  0 3.52412  0 0  0 0  0 0  0 0  0 23327       0 1.00136e-05  0 3.52412  0 0  0 0  0 0  0 0  0 23327 
1 4 0 0.3     0.25 3.51      9.05991e-06 3.51491 0 0 0 0 23327      0 9.05991e-06  0 3.51491  0 0  0 0  0 0  0 0  0 23327       0 9.05991e-06  0 3.51491  0 0  0 0  0 0  0 0  0 23327 
2 4 0 0.15     0.79 1.9      9.72748e-05 1.86989 0 0 0.0234532 0.00141621 11675.5      1 9.27448e-05  0 1.85976  0 0  0 0  1 0.0133274  1 0.000138044  0 11487       0 0.000101805  1 1.88002  0 0  0 0  0 0.0335791  0 0.00269437  1 11864 
2 4 0 0.15     0.8 1.9      1.54972e-05 1.87591 0 0 0.0236696 0.00141871 11675.5      1 1.09673e-05  0 1.86464  0 0  0 0  1 0.0124023  1 0.000141144  0 11487       0 2.00272e-05  1 1.88719  0 0  0 0  0 0.0349369  0 0.00269628  1 11864 
2 4 0 0.15     0.8 1.91      0.000108123 1.88432 0 0 0.0291029 0.00143194 11675.5      1 0.000103235  0 1.8816  0 0  0 0  1 0.0264196  1 0.000139475  0 11487       0 0.00011301  1 1.88705  0 0  0 0  0 0.0317862  0 0.00272441  1 11864 
2 4 0 0.15     0.78 1.9      5.74589e-05 1.87224 0 0 0.0235658 0.00137746 11675.5      0 2.19345e-05  0 1.86089  0 0  0 0  1 0.0122161  1 0.000131845  0 11487       1 9.29832e-05  1 1.88359  0 0  0 0  0 0.0349154  0 0.00262308  1 11864 
1 1 0 0     0.0899999 0      5.96046e-06 0.00120091 0 0 0 0 0      0 5.96046e-06  0 0.00120091  0 0  0 0  0 0  0 0  0 0       0 5.96046e-06  0 0.00120091  0 0  0 0  0 0  0 0  0 0 
2 1 0 0     0.11 0.00999999      6.40154e-05 0.00115299 0 0 0 0 0      0 1.00136e-05  1 0.00113893  0 0  0 0  0 0  0 0  0 0       1 0.000118017  0 0.00116706  0 0  0 0  0 0  0 0  0 0 
4 1 0 0     0.16 0      8.29101e-05 0.00120747 0 0 0 0 0      2 2.5034e-05  3 0.00115395  0 0  0 0  0 0  0 0  0 0       3 0.000139952  2 0.00126982  0 0  0 0  0 0  0 0  0 0 
1 2 0 0     0.0900002 0.00999999      5.96046e-06 0.00117612 0 0 0 0 0      0 5.96046e-06  0 0.00117612  0 0  0 0  0 0  0 0  0 0       0 5.96046e-06  0 0.00117612  0 0  0 0  0 0  0 0  0 0 
2 2 0 0     0.11 0      5.3525e-05 0.00107157 0 0 0 0 0      0 2.59876e-05  0 0.00106215  0 0  0 0  0 0  0 0  0 0       1 8.10623e-05  1 0.00108099  0 0  0 0  0 0  0 0  0 0 
4 2 0 0     0.17 0      0.00020051 0.00123477 0 0 0 0 0      3 1.40667e-05  0 0.00116706  0 0  0 0  0 0  0 0  0 0       1 0.000268936  3 0.00142193  0 0  0 0  0 0  0 0  0 0 
1 3 0 0     0.0999999 0      3.8147e-06 0.00102901 0 0 0 0 0      0 3.8147e-06  0 0.00102901  0 0  0 0  0 0  0 0  0 0       0 3.8147e-06  0 0.00102901  0 0  0 0  0 0  0 0  0 0 
2 3 0 0     0.12 0      5.1856e-05 0.00111854 0 0 0 0 0      0 2.28882e-05  0 0.00110793  0 0  0 0  0 0  0 0  0 0       1 8.08239e-05  1 0.00112915  0 0  0 0  0 0  0 0  0 0 
4 3 0 0     0.16 0      0.000180066 0.00124443 0 0 0 0 0      2 1.71661e-05  1 0.00116301  0 0  0 0  0 0  0 0  0 0       1 0.000261068  2 0.00141287  0 0  0 0  0 0  0 0  0 0 
2 4 0 0.15     0.77 1.93      6.80685e-05 1.89316 0 0 0.0319169 0.00139368 11675.5      1 6.41346e-05  0 1.87407  0 0  0 0  1 0.0128675  1 0.000144005  0 11487       0 7.20024e-05  1 1.91225  0 0  0 0  0 0.0509663  0 0.00264335  1 11864 
2 4 0 0.15     0.79 1.94      4.14848e-05 1.91056 0 0 0.0313791 0.00139856 11675.5      0 1.97887e-05  1 1.89837  0 0  0 0  0 0.0192363  1 0.000142813  0 11487       1 6.31809e-05  0 1.92275  0 0  0 0  1 0.0435219  0 0.00265431  1 11864 
1 1 0 0     0.0999999 0      6.91414e-06 0.001019 0 0 0 0 0      0 6.91414e-06  0 0.001019  0 0  0 0  0 0  0 0  0 0       0 6.91414e-06  0 0.001019  0 0  0 0  0 0  0 0  0 0 
2 1 0 0     0.11 0.00999999      7.10487e-05 0.00106442 0 0 0 0 0      1 5.60284e-05  1 0.00105405  0 0  0 0  0 0  0 0  0 0       0 8.60691e-05  0 0.00107479  0 0  0 0  0 0  0 0  0 0 
4 1 0 0     0.15 0      4.39882e-05 0.00120002 0 0 0 0 0      0 1.90735e-05  2 0.00116301  0 0  0 0  0 0  0 0  0 0       2 8.2016e-05  0 0.00122595  0 0  0 0  0 0  0 0  0 0 
1 2 0 0     0.1 0.00999999      5.00679e-06 0.00109696 0 0 0 0 0      0 5.00679e-06  0 0.00109696  0 0  0 0  0 0  0 0  0 0       0 5.00679e-06  0 0.00109696  0 0  0 0  0 0  0 0  0 0 
2 2 0 0     0.11 0.00999999      3.80278e-05 0.0011704 0 0 0 0 0      0 1.3113e-05  1 0.00115204  0 0  0 0  0 0  0 0  0 0       1 6.29425e-05  0 0.00118876  0 0  0 0  0 0  0 0  0 0 
4 2 0 0     0.16 0      6.54459e-05 0.00120533 0 0 0 0 0      1 2.07424e-05  0 0.00117612  0 0  0 0  0 0  0 0  0 0       2 9.20296e-05  1 0.00125623  0 0  0 0  0 0  0 0  0 0 
1 3 0 0     0.11 0      5.00679e-06 0.000985861 0 0 0 0 0      0 5.00679e-06  0 0.000985861  0 0  0 0  0 0  0 0  0 0       0 5.00679e-06  0 0.000985861  0 0  0 0  0 0  0 0  0 0 
2 3 0 0     0.11 0      7.09295e-05 0.00106502 0 0 0 0 0      0 3.50475e-05  0 0.00105095  0 0  0 0  0 0  0 0  0 0       1 0.000106812  1 0.00107908  0 0  0 0  0 0  0 0  0 0 
4 3 0 0     0.16 0      3.88026e-05 0.00117081 0 0 0 0 0      1 1.52588e-05  2 0.00114918  0 0  0 0  0 0  0 0  0 0       2 6.38962e-05  1 0.00119686  0 0  0 0  0 0  0 0  0 0 
2 4 0 0.15     0.8 1.92      9.7394e-05 1.8931 0 0 0.0302212 0.00137353 11675.5      1 9.29832e-05  1 1.8914  0 0  0 0  0 0.0284626  1 0.000162125  0 11487       0 0.000101805  0 1.8948  0 0  0 0  1 0.0319798  0 0.00258493  1 11864 
2 4 0 0.15     0.8 1.89      0.000110149 1.86834 0 0 0.0255917 0.00137269 11675.5      1 0.000104189  0 1.85542  0 0  0 0  1 0.0127311  1 0.000128508  0 11487       0 0.00011611  1 1.88126  0 0  0 0  0 0.0384524  0 0.00261688  1 11864 
1 1 0 0     0.0999999 0      5.96046e-06 0.00106812 0 0 0 0 0      0 5.96046e-06  0 0.00106812  0 0  0 0  0 0  0 0  0 0       0 5.96046e-06  0 0.00106812  0 0  0 0  0 0  0 0  0 0 
2 1 0 0     0.11 0.00999999      6.12736e-05 0.00117958 0 0 0 0 0      0 1.78814e-05  1 0.00117016  0 0  0 0  0 0  0 0  0 0       1 0.000104666  0 0.00118899  0 0  0 0  0 0  0 0  0 0 
4 1 0 0     0.19 0      0.000157475 0.00125271 0 0 0 0 0      2 1.78814e-05  0 0.00118399  0 0  0 0  0 0  0 0  0 0       0 0.000222921  2 0.00139499  0 0  0 0  0 0  0 0  0 0 
1 2 0 0     0.0999999 0      7.15256e-06 0.00105596 0 0 0 0 0      0 7.15256e-06  0 0.00105596  0 0  0 0  0 0  0 0  0 0       0 7.15256e-06  0 0.00105596  0 0  0 0  0 0  0 0  0 0 
2 2 0 0     0.11 0      6.85453e-05 0.00109792 0 0 0 0 0      0 1.00136e-05  1 0.00107193  0 0  0 0  0 0  0 0  0 0       1 0.000127077  0 0.00112391  0 0  0 0  0 0  0 0  0 0 
4 2 0 0     0.16 0      7.27177e-05 0.00119627 0 0 0 0 0      0 1.69277e-05  2 0.00114703  0 0  0 0  0 0  0 0  0 0       2 0.000125885  0 0.00124907  0 0  0 0  0 0  0 0  0 0 
1 3 0 0     0.0900002 0.00999999      4.76837e-06 0.0010643 0 0 0 0 0      0 4.76837e-06  0 0.0010643  0 0  0 0  0 0  0 0  0 0       0 4.76837e-06  0 0.0010643  0 0  0 0  0 0  0 0  0 0 
2 3 0 0     0.12 0      0.00010407 0.00116241 0 0 0 0 0      0 9.01222e-05  0 0.00114179  0 0  0 0  0 0  0 0  0 0       1 0.000118017  1 0.00118303  0 0  0 0  0 0  0 0  0 0 
4 3 0 0     0.17 0      0.000444949 0.00135595 0 0 0 0 0      1 1.5974e-05  0 0.00114894  0 0  0 0  0 0  0 0  0 0       0 0.000650883  1 0.00177193  0 0  0 0  0 0  0 0  0 0 
2 4 0 0.15     0.83 1.91      7.79629e-05 1.88357 0 0 0.0320921 0.00135994 11675.5      1 7.10487e-05  0 1.87765  0 0  0 0  1 0.0262053  1 0.000120401  0 11487       0 8.4877e-05  1 1.8895  0 0  0 0  0 0.0379789  0 0.00259948  1 11864 
1 1 0 0     0.0999999 0.00999999      4.05312e-06 0.00102305 0 0 0 0 0      0 4.05312e-06  0 0.00102305  0 0  0 0  0 0  0 0  0 0       0 4.05312e-06  0 0.00102305  0 0  0 0  0 0  0 0  0 0 
2 1 0 0     0.12 0      1.03712e-05 0.00111556 0 0 0 0 0      1 8.82149e-06  0 0.00108004  0 0  0 0  0 0  0 0  0 0       0 1.19209e-05  1 0.00115108  0 0  0 0  0 0  0 0  0 0 
4 1 0 0     0.19 0      0.000145078 0.00124121 0 0 0 0 0      1 1.81198e-05  0 0.00118303  0 0  0 0  0 0  0 0  0 0       0 0.00019908  1 0.00137091  0 0  0 0  0 0  0 0  0 0 
1 2 0 0     0.11 0      6.91414e-06 0.00112796 0 0 0 0 0      0 6.91414e-06  0 0.00112796  0 0  0 0  0 0  0 0  0 0       0 6.91414e-06  0 0.00112796  0 0  0 0  0 0  0 0  0 0 
2 2 0 0     0.12 0      7.04527e-05 0.00111043 0 0 0 0 0      1 1.00136e-05  0 0.00108099  0 0  0 0  0 0  0 0  0 0       0 0.000130892  1 0.00113988  0 0  0 0  0 0  0 0  0 0 
4 2 0 0     0.19 0      0.000157893 0.00122041 0 0 0 0 0      3 1.50204e-05  1 0.00116539  0 0  0 0  0 0  0 0  0 0       1 0.000210762  3 0.00136399  0 0  0 0  0 0  0 0  0 0 
1 3 0 0     0.1 0      5.96046e-06 0.00110006 0 0 0 0 0      0 5.96046e-06  0 0.00110006  0 0  0 0  0 0  0 0  0 0       0 5.96046e-06  0 0.00110006  0 0  0 0  0 0  0 0  0 0 
2 3 0 0     0.12 0      7.84397e-05 0.00118458 0 0 0 0 0      0 5.88894e-05  1 0.00114107  0 0  0 0  0 0  0 0  0 0       1 9.799e-05  0 0.00122809  0 0  0 0  0 0  0 0  0 0 
4 3 0 0     0.16 0      9.799e-05 0.00120211 0 0 0 0 0      3 1.71661e-05  0 0.00115228  0 0  0 0  0 0  0 0  0 0       0 0.000136852  3 0.00128889  0 0  0 0  0 0  0 0  0 0 
2 4 0 0.15     0.8 1.94      7.45058e-05 1.9085 0 0 0.0369128 0.00147843 11675.5      1 1.50204e-05  0 1.88399  0 0  0 0  1 0.0124218  1 0.00024271  0 11487       0 0.000133991  1 1.93302  0 0  0 0  0 0.0614038  0 0.00271416  1 11864 
1 1 0 0     0.0899999 0      4.05312e-06 0.00100613 0 0 0 0 0      0 4.05312e-06  0 0.00100613  0 0  0 0  0 0  0 0  0 0       0 4.05312e-06  0 0.00100613  0 0  0 0  0 0  0 0  0 0 
2 1 0 0     0.12 0      0.000101447 0.00110114 0 0 0 0 0      0 8.70228e-05  1 0.00104928  0 0  0 0  0 0  0 0  0 0       1 0.000115871  0 0.00115299  0 0  0 0  0 0  0 0  0 0 
4 1 0 0     0.16 0      4.071e-05 0.00118023 0 0 0 0 0      2 1.50204e-05  3 0.00115204  0 0  0 0  0 0  0 0  0 0       3 7.29561e-05  2 0.00121093  0 0  0 0  0 0  0 0  0 0 
1 2 0 0     0.1 0      5.00679e-06 0.00100207 0 0 0 0 0      0 5.00679e-06  0 0.00100207  0 0  0 0  0 0  0 0  0 0       0 5.00679e-06  0 0.00100207  0 0  0 0  0 0  0 0  0 0 
2 2 0 0     0.12 0      9.65595e-05 0.0011425 0 0 0 0 0      0 1.09673e-05  1 0.00110388  0 0  0 0  0 0  0 0  0 0       1 0.000182152  0 0.00118113  0 0  0 0  0 0  0 0  0 0 
4 2 0 0     0.15 0      3.45707e-05 0.00117493 0 0 0 0 0      2 1.71661e-05  3 0.0011549  0 0  0 0  0 0  0 0  0 0       3 6.00815e-05  2 0.00119591  0 0  0 0  0 0  0 0  0 0 
1 3 0 0     0.0999999 0      5.00679e-06 0.000997066 0 0 0 0 0      0 5.00679e-06  0 0.000997066  0 0  0 0  0 0  0 0  0 0       0 5.00679e-06  0 0.000997066  0 0  0 0  0 0  0 0  0 0 
2 3 0 0     0.12 0      6.74725e-05 0.00110805 0 0 0 0 0      0 5.88894e-05  1 0.00107908  0 0  0 0  0 0  0 0  0 0       1 7.60555e-05  0 0.00113702  0 0  0 0  0 0  0 0  0 0 
4 3 0 0     0.15 0      3.14116e-05 0.0011701 0 0 0 0 0      3 1.66893e-05  0 0.00115204  0 0  0 0  0 0  0 0  0 0       0 4.41074e-05  3 0.00118732  0 0  0 0  0 0  0 0  0 0 
2 4 0 0.15     0.82 1.93      6.91414e-05 1.89185 0 0 0.0344521 0.00145507 11675.5      1 6.41346e-05  0 1.89101  0 0  0 0  1 0.033592  1 0.000144005  0 11487       0 7.41482e-05  1 1.89268  0 0  0 0  0 0.0353122  0 0.00276613  1 11864 
2 5 0 0.15     0.83 1.97      5.82933e-05 1.92539 0 0 0.037698 0.00138199 11676.5      0 2.47955e-05  0 1.90241  0 0  0 0  1 0.0146942  1 0.000131845  0 11472       1 9.17912e-05  1 1.94836  0 0  0 0  0 0.0607018  0 0.00263214  1 11881 
2 5 0 0.15     0.84 1.94      0.000105858 1.8943 0 0 0.0379099 0.00138092 11676.5      1 9.67979e-05  0 1.86887  0 0  0 0  1 0.0125146  1 0.000145912  0 11472       0 0.000114918  1 1.91974  0 0  0 0  0 0.0633051  0 0.00261593  1 11881 
2 5 0 0.15     0.81 1.92      0.000107527 1.88093 0 0 0.0379583 0.00133908 11676.5      1 0.000100136  0 1.85585  0 0  0 0  1 0.0129349  1 0.000129461  0 11472       0 0.000114918  1 1.90601  0 0  0 0  0 0.0629816  0 0.00254869  1 11881 
2 5 0 0.15     0.82 1.92      9.39369e-05 1.88702 0 0 0.0313089 0.00138271 11676.5      1 8.98838e-05  0 1.88168  0 0  0 0  1 0.0260081  1 0.000145435  0 11472       0 9.799e-05  1 1.89236  0 0  0 0  0 0.0366096  0 0.00261998  1 11881 
2 5 0 0.15     0.82 1.9      0.0001055 1.87529 0 0 0.0252218 0.0013752 11676.5      1 9.70364e-05  0 1.86316  0 0  0 0  1 0.0130928  1 0.000145197  0 11472       0 0.000113964  1 1.88742  0 0  0 0  0 0.0373509  0 0.0026052  1 11881 
2 5 0 0.15     0.83 1.94      7.78437e-05 1.90192 0 0 0.037773 0.0013572 11676.5      1 7.05719e-05  0 1.89924  0 0  0 0  1 0.0351422  1 0.000127554  0 11472       0 8.51154e-05  1 1.90459  0 0  0 0  0 0.0404038  0 0.00258684  1 11881 
2 5 0 0.15     0.81 1.91      0.000107527 1.88153 0 0 0.0304929 0.00142455 11676.5      1 0.000102043  0 1.86284  0 0  0 0  1 0.0117686  1 0.00014472  0 11472       0 0.00011301  1 1.90022  0 0  0 0  0 0.0492172  0 0.00270438  1 11881 
2 5 0 0.15     0.82 1.94      7.65324e-05 1.89926 0 0 0.0387694 0.00137115 11676.5      1 7.00951e-05  0 1.87326  0 0  0 0  1 0.0128098  1 0.0001266  0 11472       0 8.29697e-05  1 1.92526  0 0  0 0  0 0.064729  0 0.00261569  1 11881 
2 5 0 0.15     0.81 1.9      0.000106573 1.87467 0 0 0.0301291 0.00135529 11676.5      1 9.70364e-05  0 1.85881  0 0  0 0  1 0.0143046  1 0.000130177  0 11472       0 0.00011611  1 1.89054  0 0  0 0  0 0.0459535  0 0.0025804  1 11881 
2 5 0 0.15     0.81 1.9      0.0001055 1.86937 0 0 0.0275526 0.0013175 11676.5      1 9.60827e-05  0 1.85463  0 0  0 0  1 0.012769  1 0.000138283  0 11472       0 0.000114918  1 1.88412  0 0  0 0  0 0.0423362  0 0.00249672  1 11881 
2 5 0 0.15     0.82 1.92      9.89437e-05 1.89083 0 0 0.0288281 0.00141263 11676.5      1 9.48906e-05  0 1.88798  0 0  0 0  1 0.0260322  1 0.000154495  0 11472       0 0.000102997  1 1.89368  0 0  0 0  0 0.0316241  0 0.00267076  1 11881 
2 5 0 0.15     0.82 1.9      9.54866e-05 1.87256 0 0 0.0271134 0.00135601 11676.5      1 9.29832e-05  0 1.85933  0 0  0 0  1 0.0139282  1 0.000120401  0 11472       0 9.799e-05  1 1.88578  0 0  0 0  0 0.0402987  0 0.00259161  1 11881 
2 5 0 0.15     0.8 1.94      0.000101566 1.89594 0 0 0.0353508 0.00136197 11676.5      1 9.10759e-05  0 1.891  0 0  0 0  1 0.0304646  1 0.000159025  0 11472       0 0.000112057  1 1.90088  0 0  0 0  0 0.0402369  0 0.00256491  1 11881 
2 5 0 0.15     0.81 1.92      0.000105023 1.88861 0 0 0.0320511 0.00133324 11676.5      1 9.60827e-05  0 1.88126  0 0  0 0  1 0.0247452  1 0.000114918  0 11472       0 0.000113964  1 1.89595  0 0  0 0  0 0.0393569  0 0.00255156  1 11881 
2 5 0 0.15     0.82 1.9      0.000107527 1.87383 0 0 0.0258096 0.00144446 11676.5      1 0.000100136  0 1.86459  0 0  0 0  1 0.0166066  1 0.000143051  0 11472       0 0.000114918  1 1.88307  0 0  0 0  0 0.0350127  0 0.00274587  1 11881 
2 5 0 0.15     0.82 1.9      0.000107408 1.87504 0 0 0.0266114 0.00133979 11676.5      1 0.000102043  0 1.86062  0 0  0 0  1 0.0122321  1 0.000137568  0 11472       0 0.000112772  1 1.88946  0 0  0 0  0 0.0409908  0 0.00254202  1 11881 
2 5 0 0.15     0.81 1.93      9.89437e-05 1.89209 0 0 0.0349729 0.00139296 11676.5      1 9.48906e-05  0 1.86954  0 0  0 0  1 0.0124681  1 0.000138044  0 11472       0 0.000102997  1 1.91464  0 0  0 0  0 0.0574777  0 0.00264788  1 11881 
2 5 0 0.15     0.81 1.92      9.9659e-05 1.8881 0 0 0.0335839 0.00154316 11676.5      1 9.5129e-05  0 1.88188  0 0  0 0  1 0.0274036  1 0.000123024  0 11472       0 0.000104189  1 1.89432  0 0  0 0  0 0.0397642  0 0.0029633  1 11881 
2 5 0 0.15     0.81 1.95      8.34465e-06 1.91675 0 0 0.0334305 0.00150967 11676.5      1 2.86102e-06  0 1.91091  0 0  0 0  1 0.0276043  1 0.0001297  0 11472       0 1.38283e-05  1 1.92258  0 0  0 0  0 0.0392566  0 0.00288963  1 11881 
2 5 0 0.15     0.81 1.92      9.05991e-06 1.88997 0 0 0.0331165 0.00141358 11676.5      1 4.05312e-06  0 1.88298  0 0  0 0  1 0.0261433  1 0.000154972  0 11472       0 1.40667e-05  1 1.89695  0 0  0 0  0 0.0400896  0 0.0026722  1 11881 
2 5 0 0.15     0.81 1.93      2.88486e-05 1.88819 0 0 0.0315574 0.00142777 11676.5      0 2.86102e-06  0 1.88167  0 0  0 0  1 0.0250108  1 0.000145197  0 11472       1 5.48363e-05  1 1.89472  0 0  0 0  0 0.0381041  0 0.00271034  1 11881 
2 5 0 0.15     0.81 1.95      7.86781e-06 1.90657 0 0 0.0413865 0.00144196 11676.5      1 2.86102e-06  0 1.87817  0 0  0 0  1 0.0129952  1 0.000127554  0 11472       0 1.28746e-05  1 1.93497  0 0  0 0  0 0.0697777  0 0.00275636  1 11881 
2 5 0 0.15     0.82 1.92      9.53674e-06 1.88132 0 0 0.0312623 0.00140798 11676.5      1 4.05312e-06  0 1.86946  0 0  0 0  1 0.0194073  1 0.000154734  0 11472       0 1.50204e-05  1 1.89319  0 0  0 0  0 0.0431173  0 0.00266123  1 11881 
2 5 0 0.15     0.82 1.89      7.15256e-06 1.871 0 0 0.0247365 0.00146008 11676.5      1 2.14577e-06  0 1.85929  0 0  0 0  1 0.0130391  1 0.000145912  0 11472       0 1.21593e-05  1 1.8827  0 0  0 0  0 0.0364339  0 0.00277424  1 11881 
2 5 0 0.15     0.82 1.94      9.53674e-06 1.9058 0 0 0.0370669 0.00142872 11676.5      1 4.05312e-06  0 1.88115  0 0  0 0  1 0.0124221  1 9.34601e-05  0 11472       0 1.50204e-05  1 1.93045  0 0  0 0  0 0.0617118  0 0.00276399  1 11881 
2 5 0 0.15     0.82 1.92      8.58307e-06 1.88624 0 0 0.0308605 0.00144529 11676.5      1 3.09944e-06  0 1.88075  0 0  0 0  1 0.0253839  1 0.000133991  0 11472       0 1.40667e-05  1 1.89173  0 0  0 0  0 0.0363371  0 0.0027566  1 11881 
2 5 0 0.15     0.82 1.92      7.86781e-06 1.88488 0 0 0.0275707 0.00144851 11676.5      1 2.86102e-06  0 1.87748  0 0  0 0  1 0.0201809  1 0.000134945  0 11472       0 1.28746e-05  1 1.89228  0 0  0 0  0 0.0349605  0 0.00276208  1 11881 
2 5 0 0.15     0.82 1.92      8.10623e-06 1.88771 0 0 0.0320282 0.00151443 11676.5      1 3.09944e-06  0 1.88128  0 0  0 0  1 0.0256071  1 0.000142574  0 11472       0 1.3113e-05  1 1.89414  0 0  0 0  0 0.0384493  0 0.0028863  1 11881 
2 5 0 0.15     0.82 1.95      7.39098e-06 1.90684 0 0 0.0370071 0.0013783 11676.5      1 2.86102e-06  1 1.90244  0 0  0 0  0 0.0325959  1 0.000150442  0 11472       0 1.19209e-05  0 1.91125  0 0  0 0  1 0.0414183  0 0.00260615  1 11881 
2 5 0 0.15     0.82 1.94      2.88486e-05 1.90298 0 0 0.0356919 0.0013566 11676.5      0 3.8147e-06  0 1.90236  0 0  0 0  1 0.0350449  1 0.000138044  0 11472       1 5.38826e-05  1 1.90361  0 0  0 0  0 0.0363388  0 0.00257516  1 11881 
2 5 0 0.15     0.81 1.9      8.34465e-06 1.87775 0 0 0.0253763 0.00143588 11676.5      1 3.8147e-06  0 1.86859  0 0  0 0  1 0.0162199  1 0.000143766  0 11472       0 1.28746e-05  1 1.88692  0 0  0 0  0 0.0345328  0 0.00272799  1 11881 
8 5 0 0.0375     1.17 1.02      1.01924e-05 0.930414 0 0 0.088612 0.00583452 2959.12      3 6.91414e-06  4 0.922283  0 0  0 0  0 0.0816922  5 0.000183582  2 2935       2 1.28746e-05  0 0.937327  0 0  0 0  4 0.0967429  0 0.0451818  3 2996 
8 5 0 0.0375     1.02 1.03      9.62615e-06 0.93347 0 0 0.0915313 0.00579515 2959.12      7 8.10623e-06  3 0.926157  0 0  0 0  0 0.0793393  1 0.000161886  2 2935       3 1.12057e-05  0 0.945652  0 0  0 0  3 0.0988426  0 0.0449185  3 2996 
8 5 0 0.0375     1.02 1.03      8.34465e-06 0.940644 0 0 0.0891205 0.00579694 2959.12      0 7.86781e-06  7 0.929796  0 0  0 0  0 0.0805576  1 0.000173807  2 2935       6 8.82149e-06  0 0.949199  0 0  0 0  7 0.0999703  0 0.0448511  3 2996 
4 5 0 0.075     0.68 1.16      9.11951e-06 1.12247 0 0 0.034453 0.00274283 5856.25      1 3.8147e-06  2 1.10979  0 0  0 0  1 0.0218074  1 0.000145435  2 5819       2 1.28746e-05  1 1.13512  0 0  0 0  2 0.0471303  0 0.0105128  1 5905 
4 5 0 0.075     0.67 1.14      5.126e-06 1.11641 0 0 0.0292859 0.00279659 5856.25      3 4.05312e-06  0 1.10733  0 0  0 0  1 0.0235517  3 0.000157118  2 5819       0 7.15256e-06  1 1.12215  0 0  0 0  0 0.0383611  0 0.0106771  1 5905 
8 5 0 0.0375     1 1.02      9.17912e-06 0.932754 0 0 0.0881285 0.00585753 2959.12      5 7.86781e-06  6 0.924633  0 0  0 0  3 0.0829465  3 0.000186443  2 2935       0 9.77516e-06  3 0.937939  0 0  0 0  6 0.0962498  0 0.0453098  3 2996 
16 5 0 0.01875     2 1.95      0.000321478 0.468459 0 0 1.48054 0.0121237 1542.94      1 0.000236034  14 0.431758  0 0  0 0  0 1.46429  15 0.000199556  2 1537       3 0.000423908  0 0.484493  0 0  0 0  14 1.51729  0 0.190512  9 1549 
16 5 0 0.01875     1.96 1.94      0.000315383 0.46691 0 0 1.46871 0.012142 1542.94      12 0.000203133  12 0.432519  0 0  0 0  0 1.44405  10 0.00019598  1 1537       5 0.000422239  0 0.491464  0 0  0 0  12 1.50324  0 0.190902  9 1549 
32 5 0 0.009375     4.5 7.5      0.00130105 0.270731 0 0 7.22005 0.0214835 850.469      3 0.00102091  25 0.251473  0 0  0 0  0 7.20451  13 0.000179052  2 847       4 0.00154805  0 0.285763  0 0  0 0  25 7.23917  0 0.680516  16 854 
64 5 0 0.0046875     9.36 28.75      0.00297406 0.159098 0 0 28.5819 0.0111169 425.234      46 0.00241113  35 0.150826  0 0  0 0  2 28.5723  51 0.000180244  32 420       13 0.00367117  2 0.167745  0 0  0 0  35 28.5903  0 0.697408  8 427 
128 5 0 0.00234375     17.17 97.15      0.00808104 0.128553 0 0 96.9901 0.00669748 212.617      66 0.00665474  123 0.11685  0 0  0 0  0 96.9578  41 0.000162125  8 210       9 0.0103569  0 0.156366  0 0  0 0  118 97.002  0 0.829211  64 217 
2 5 0 0.15     0.82 1.94      7.98702e-06 1.90077 0 0 0.0350084 0.00146806 11676.5      1 1.90735e-06  0 1.90009  0 0  0 0  1 0.0343442  1 0.000128269  0 11472       0 1.40667e-05  1 1.90144  0 0  0 0  0 0.0356727  0 0.00280786  1 11881 
4 5 0 0.00117187     1.11 2.05      1.508e-05 1.30294 0 0 0.75133 0.141442 6803.75      3 9.05991e-06  0 1.29227  0 0  0 0  2 0.745042  2 0.000171661  0 6803       0 2.5034e-05  2 1.30923  0 0  0 0  0 0.761986  0 0.565217  1 6804 
4 5 0 0.00117187     0.98 2.04      1.16825e-05 1.29799 0 0 0.741983 0.140957 6803.75      3 5.00679e-06  0 1.2927  0 0  0 0  2 0.736409  3 0.000159025  0 6803       0 2.19345e-05  2 1.30357  0 0  0 0  0 0.747256  0 0.563318  1 6804 
4 5 0 0.009375     0.72 1.29      1.18017e-05 1.17615 0 0 0.117547 0.0193262 5999.5      3 1.00136e-05  0 1.16849  0 0  0 0  3 0.110393  1 0.000123978  0 5987       1 1.40667e-05  3 1.18331  0 0  0 0  0 0.125199  0 0.0768237  2 6030 
1 5 0 0.3     0.26 3.55      2.14577e-06 3.54235 0 0 0 0 23329      0 2.14577e-06  0 3.54235  0 0  0 0  0 0  0 0  0 23329       0 2.14577e-06  0 3.54235  0 0  0 0  0 0  0 0  0 23329 
1 5 0 0.0375     1.2 3.61      9.53674e-07 3.59755 0 0 0.00545859 0.00509715 23380      0 9.53674e-07  0 3.59755  0 0  0 0  0 0.00545859  0 0.00509715  0 23380       0 9.53674e-07  0 3.59755  0 0  0 0  0 0.00545859  0 0.00509715  0 23380 
2 5 0 0.01875     0.83 1.95      4.52995e-06 1.91835 0 0 0.0360583 0.00901306 11756.5      1 3.09944e-06  0 1.91775  0 0  0 0  1 0.0354643  1 0.000150442  0 11703       0 5.96046e-06  1 1.91895  0 0  0 0  0 0.0366523  0 0.0178757  1 11810 
4 5 0 0.009375     0.71 1.29      4.82798e-06 1.18158 0 0 0.1117 0.0193788 5999.5      0 3.8147e-06  3 1.17661  0 0  0 0  0 0.103231  3 0.000147581  0 5987       1 6.91414e-06  0 1.19005  0 0  0 0  3 0.116676  0 0.0770397  2 6030 
8 5 0 0.0046875     1.23 1.5      1.13547e-05 1.01873 0 0 0.485689 0.044782 3217.25      6 5.72205e-06  0 0.952986  0 0  0 0  1 0.461641  3 0.0001719  2 3211       0 2.00272e-05  1 1.04278  0 0  0 0  0 0.551419  0 0.356709  4 3224 
16 5 0 0.00234375     2.45 3.21      0.000386134 0.515758 0 0 2.68508 0.0419022 1700.94      9 0.000273228  9 0.49737  0 0  0 0  13 2.66294  13 0.000192165  0 1700       6 0.000512123  13 0.537893  0 0  0 0  9 2.70341  0 0.666718  8 1701 
1 5 0 0.15     1.95 6.13      3.09944e-06 6.12932 0 0 0.00205922 0.00157404 39810      0 3.09944e-06  0 6.12932  0 0  0 0  0 0.00205922  0 0.00157404  0 39810       0 3.09944e-06  0 6.12932  0 0  0 0  0 0.00205922  0 0.00157404  0 39810 
